1 1 2 38.959384
2 1 3 173.250336
3 1 4 0.0
4 1 5 25.14235
5 1 6 12.540078000000001
6 1 7 0.0
7 1 8 178.003958
8 1 9 1295.150334
9 1 10 2920.0402050000002
10 1 11 0.130794
11 1 12 584.278637
12 1 13 41.726524999999995
13 1 14 0.0
14 1 15 24.555858
15 1 16 4.556532
16 1 17 0.079848
17 1 18 1.375529
18 1 19 1339.6217889999998
19 1 20 3546.901657
20 1 21 0.0
21 1 22 34.882055
22 2 1 25.981600999999998
23 2 3 269.296659
24 2 4 0.328278
25 2 5 108.06199
26 2 6 12.132459
27 2 7 14.605003
28 2 8 0.006073
29 2 9 2.651979
30 2 10 1.061815
31 2 11 1.037579
32 2 12 2.221866
33 2 13 0.17161800000000002
34 2 14 0.0
35 2 15 8.527416
36 2 16 4.061584
37 2 17 24.60191
38 2 18 0.0
39 2 19 428.809191
40 2 20 0.378774
41 2 21 0.0
42 2 22 10.725889
43 3 1 5498.457238999999
44 3 2 76.473118
45 3 4 4.537751
46 3 5 4427.858039000001
47 3 6 54.861587
48 3 7 94.467293
49 3 8 8.193402
50 3 9 0.507824
51 3 10 101.069012
52 3 11 1.378959
53 3 12 6.111383
54 3 13 0.41616700000000006
55 3 14 0.0
56 3 15 224.846236
57 3 16 5.235468
58 3 17 0.63502
59 3 18 172.676665
60 3 19 5514.628789
61 3 20 25.597822999999998
62 3 21 0.947947
63 3 22 419.112502
64 4 1 173.214573
65 4 2 5.791202
66 4 3 22.284115
67 4 5 447.85264
68 4 6 7.712961
69 4 7 0.6146079999999999
70 4 8 0.002137
71 4 9 0.248879
72 4 10 14.624403999999998
73 4 11 0.004498
74 4 12 6.637426
75 4 13 0.168694
76 4 14 0.0
77 4 15 20.367303
78 4 16 5.5737000000000005
79 4 17 0.168694
80 4 18 7.049939
81 4 19 15.000703000000001
82 4 20 29.694776
83 4 21 0.0
84 4 22 4.865411
85 5 1 1215.398089
86 5 2 62.864534
87 5 3 319.84120299999995
88 5 4 33.861739
89 5 6 142.71698199999997
90 5 7 81.851977
91 5 8 162.145898
92 5 9 7.40757
93 5 10 88.93273099999999
94 5 11 17.380186000000002
95 5 12 190.838127
96 5 13 38.706849
97 5 14 0.0
98 5 15 528.075823
99 5 16 80.881369
100 5 17 8.456058
101 5 18 61.472021999999996
102 5 19 941.566772
103 5 20 2211.445931
104 5 21 4.930526
105 5 22 443.194442
106 6 1 135.937572
107 6 2 6.355876
108 6 3 139.144104
109 6 4 3.608811
110 6 5 194.08840700000002
111 6 7 14.970563
112 6 8 3.050715
113 6 9 2.0168470000000003
114 6 10 13.604143
115 6 11 0.20468199999999998
116 6 12 1.670069
117 6 13 22.329774
118 6 14 0.0
119 6 15 31.962921
120 6 16 6.446521
121 6 17 1.2294960000000001
122 6 18 124.56418
123 6 19 9.425091
124 6 20 3.975607
125 6 21 2.35997
126 6 22 45.286694999999995
127 7 1 2.578316
128 7 2 2.554136
129 7 3 6.19095
130 7 4 0.701597
131 7 5 137.07828
132 7 6 94.571434
133 7 8 8.590001
134 7 9 3.521033
135 7 10 0.829467
136 7 11 0.339412
137 7 12 6.639619000000001
138 7 13 0.681523
139 7 14 0.0
140 7 15 494.23427000000004
141 7 16 19.992914
142 7 17 11.751041
143 7 18 0.968583
144 7 19 192.723336
145 7 20 1.071262
146 7 21 0.08423399999999999
147 7 22 27.209299
148 8 1 209.458268
149 8 2 4.667814
150 8 3 42.157144
151 8 4 2.79042
152 8 5 7422.482386
153 8 6 22.558241000000002
154 8 7 0.0
155 8 9 9.548801000000001
156 8 10 60.411219
157 8 11 0.158516
158 8 12 1.8420800000000002
159 8 13 5.562903
160 8 14 0.0
161 8 15 48.420351
162 8 16 7.418985
163 8 17 0.474255
164 8 18 1.4299050000000002
165 8 19 437.962516
166 8 20 25.534394
167 8 21 1.100165
168 8 22 896.572929
169 9 1 3073.72251
170 9 2 8.600292
171 9 3 37.191698
172 9 4 0.0
173 9 5 231.596856
174 9 6 0.12415899999999999
175 9 7 0.0
176 9 8 0.002643
177 9 10 933.908129
178 9 11 0.0
179 9 12 0.130344
180 9 13 8.607658
181 9 14 0.0
182 9 15 23.271536
183 9 16 2.0664990000000003
184 9 17 0.013439
185 9 18 0.509455
186 9 19 109.908905
187 9 20 3.996131
188 9 21 0.741803
189 9 22 0.90358
190 10 1 6238.769772
191 10 2 1.285278
192 10 3 75.075491
193 10 4 0.0
194 10 5 705.131834
195 10 6 3.9555320000000003
196 10 7 0.0
197 10 8 0.8612380000000001
198 10 9 868.4023010000001
199 10 11 0.06371
200 10 12 0.19056800000000002
201 10 13 25.064244000000002
202 10 14 0.0
203 10 15 74.571995
204 10 16 222.641464
205 10 17 7.465038
206 10 18 0.912184
207 10 19 619.3550270000001
208 10 20 17.36534
209 10 21 7.868273
210 10 22 7.837458
211 11 1 0.005848
212 11 2 0.09829199999999999
213 11 3 2.175588
214 11 4 0.005792
215 11 5 9.007631
216 11 6 3.7580480000000005
217 11 7 1.0714869999999999
218 11 8 0.13568599999999997
219 11 9 0.0
220 11 10 0.547805
221 11 12 0.173867
222 11 13 0.002924
223 11 14 0.0
224 11 15 26.994495
225 11 16 11.790966000000001
226 11 17 3.378206
227 11 18 0.41791100000000003
228 11 19 65.051367
229 11 20 0.043747999999999995
230 11 21 0.0
231 11 22 12.652597
232 12 1 51.949257
233 12 2 1.102246
234 12 3 18.663439
235 12 4 0.082322
236 12 5 333.992701
237 12 6 1.912763
238 12 7 2.222597
239 12 8 0.00821
240 12 9 0.0
241 12 10 1.130698
242 12 11 0.010853
243 12 13 10.839365
244 12 14 0.0
245 12 15 5.0403459999999995
246 12 16 5.577804
247 12 17 0.16487
248 12 18 0.09227600000000001
249 12 19 5.941508
250 12 20 0.55534
251 12 21 0.094975
252 12 22 15.241935000000002
253 13 1 151.261211
254 13 2 74.779264
255 13 3 273.96497899999997
256 13 4 0.881594
257 13 5 615.98222
258 13 6 17.665221
259 13 7 5.861492
260 13 8 8.893594
261 13 9 3.5709109999999997
262 13 10 9.244477
263 13 11 7.04679
264 13 12 1.480851
265 13 14 0.0
266 13 15 429.278721
267 13 16 6.920662999999999
268 13 17 0.124214
269 13 18 12.873192
270 13 19 57.233703000000006
271 13 20 3.801965
272 13 21 0.350209
273 13 22 51.223537
274 14 1 0.30601
275 14 2 0.087889
276 14 3 2.421937
277 14 4 0.030646
278 14 5 308.26610900000003
279 14 6 0.014733
280 14 7 0.084347
281 14 8 0.0
282 14 9 0.0
283 14 10 0.6807920000000001
284 14 11 0.0
285 14 12 0.0
286 14 13 0.175891
287 14 15 0.317538
288 14 16 0.021087
289 14 17 0.145077
290 14 18 0.078668
291 14 19 2.679701
292 14 20 0.009672
293 14 21 0.006129
294 14 22 23.213729
295 15 1 10.013158
296 15 2 24.116298
297 15 3 541.134691
298 15 4 13.159072
299 15 5 4088.410455
300 15 6 6.928478999999999
301 15 7 2.727666
302 15 8 4.079916
303 15 9 9.934603
304 15 10 52.218098
305 15 11 1.206329
306 15 12 2.688136
307 15 13 0.252479
308 15 14 0.0
309 15 16 0.014283
310 15 17 91.35005699999999
311 15 18 12.585795000000001
312 15 19 233.035982
313 15 20 22.436614
314 15 21 1.070643
315 15 22 150.162227
316 16 1 2367.096668
317 16 2 91.529266
318 16 3 609.463891
319 16 4 0.0
320 16 5 1214.1875989999999
321 16 6 309.19392500000004
322 16 7 0.029916
323 16 8 4.626259
324 16 9 16.833448
325 16 10 330.937656
326 16 11 63.453498999999994
327 16 12 107.64992699999999
328 16 13 0.136192
329 16 14 0.0
330 16 15 0.08693400000000001
331 16 17 27.688670000000002
332 16 18 34.096954
333 16 19 169.706304
334 16 20 95.685037
335 16 21 19.341363
336 16 22 2920.007422
337 17 1 11.191204
338 17 2 11.536069999999999
339 17 3 8.55688
340 17 4 0.0
341 17 5 106.609142
342 17 6 6.920495
343 17 7 2.580172
344 17 8 5.019765
345 17 9 5.278541000000001
346 17 10 22.366549
347 17 11 0.706321
348 17 12 0.907741
349 17 13 0.44001
350 17 14 0.0
351 17 15 60.248261
352 17 16 19.248413
353 17 18 3.236109
354 17 19 431.099996
355 17 20 148.474502
356 17 21 0.0
357 17 22 26.322194
358 18 1 4.194065
359 18 2 0.628272
360 18 3 10.308596999999999
361 18 4 16.444384
362 18 5 45.099614
363 18 6 11.878012
364 18 7 0.315288
365 18 8 0.424603
366 18 9 0.011247
367 18 10 1.482031
368 18 11 0.053645000000000005
369 18 12 0.030084
370 18 13 23.821871
371 18 14 0.0
372 18 15 2.8063900000000004
373 18 16 0.330471
374 18 17 0.9552
375 18 19 1512.411197
376 18 20 1.0041220000000002
377 18 21 0.024516999999999997
378 18 22 109.086748
379 19 1 115.058902
380 19 2 82.32133999999999
381 19 3 333.315059
382 19 4 208.44717300000002
383 19 5 516.721155
384 19 6 13.824232
385 19 7 167.683272
386 19 8 1.140483
387 19 9 14.406507000000001
388 19 10 234.658423
389 19 11 144.514134
390 19 12 8.764824
391 19 13 7.838751
392 19 14 0.0
393 19 15 548.271901
394 19 16 54.642959000000005
395 19 17 264.937724
396 19 18 892.3363529999999
397 19 20 35.063739
398 19 21 96.503259
399 19 22 391.879811
400 20 1 4639.065661000001
401 20 2 0.144964
402 20 3 52.775463
403 20 4 0.0
404 20 5 343.42397800000003
405 20 6 2.43965
406 20 7 0.0
407 20 8 0.24691100000000002
408 20 9 4.85377
409 20 10 732.7555580000001
410 20 11 0.002249
411 20 12 0.295552
412 20 13 8.275500000000001
413 20 14 0.0
414 20 15 64.865298
415 20 16 4.700147
416 20 17 4.001304
417 20 18 2.250882
418 20 19 227.75063699999998
419 20 21 1.9596040000000001
420 20 22 2.316672
421 21 1 12.474288
422 21 2 0.393337
423 21 3 1.295231
424 21 4 0.0
425 21 5 9.008811
426 21 6 0.023448
427 21 7 0.0
428 21 8 0.359318
429 21 9 0.210474
430 21 10 16.456868
431 21 11 0.002249
432 21 12 0.191411
433 21 13 0.0
434 21 14 0.0
435 21 15 2.62004
436 21 16 1.212459
437 21 17 0.0
438 21 18 0.483533
439 21 19 4.392393
440 21 20 0.841782
441 21 22 3.7450029999999996
442 22 1 3.4177359999999997
443 22 2 37.389969
444 22 3 204.411399
445 22 4 148.666082
446 22 5 705.101975
447 22 6 273.63372100000004
448 22 7 125.470796
449 22 8 27.675117999999998
450 22 9 9.782385
451 22 10 5.54474
452 22 11 0.167681
453 22 12 2.652711
454 22 13 0.7653639999999999
455 22 14 0.006522999999999999
456 22 15 904.049045
457 22 16 55.827696
458 22 17 25.012117
459 22 18 361.60720200000003
460 22 19 1668.652474
461 22 20 7.170780000000001
462 22 21 1.444919
