1 1 2 163.05397
2 1 3 2215.0046
3 1 4 0.001584724
4 1 5 768.70734
5 1 6 16.870384
6 1 7 -0.034918375
7 1 8 1363.991
8 1 9 4866.4263
9 1 10 8856.925
10 1 11 0.3318378
11 1 12 3656.7417
12 1 13 393.2831
13 1 14 0.30144802
14 1 15 152.69894
15 1 16 9.642194
16 1 17 0.023562416
17 1 18 1.4880109
18 1 19 6048.551
19 1 20 12739.492
20 1 21 -2.6978552e-05
21 1 22 62.92713
22 2 1 270.59222
23 2 3 1899.2595
24 2 4 3.094494
25 2 5 983.84546
26 2 6 44.083515
27 2 7 80.652664
28 2 8 0.42808622
29 2 9 1.0984136
30 2 10 12.747696
31 2 11 1.8698283
32 2 12 0.9581342
33 2 13 0.029335415
34 2 14 0.5235841
35 2 15 286.81577
36 2 16 20.57747
37 2 17 14.535253
38 2 18 2.4023743
39 2 19 1835.1814
40 2 20 1.866828
41 2 21 0.6344663
42 2 22 195.05098
43 3 1 122008.51
44 3 2 666.5694
45 3 4 19.556255
46 3 5 12947.142
47 3 6 34736.145
48 3 7 1048.2177
49 3 8 108.512024
50 3 9 17.607853
51 3 10 2710.0742
52 3 11 7.6338477
53 3 12 36.10051
54 3 13 178.5209
55 3 14 0.30540743
56 3 15 4230.928
57 3 16 86.29123
58 3 17 0.95179725
59 3 18 332.88605
60 3 19 84474.76
61 3 20 29.770987
62 3 21 9.904747
63 3 22 698.1893
64 4 1 4932.9453
65 4 2 13.107633
66 4 3 42.769775
67 4 5 308.13544
68 4 6 5.796201
69 4 7 24.217896
70 4 8 0.28124613
71 4 9 0.75770545
72 4 10 31.602121
73 4 11 0.113726005
74 4 12 1.1398792
75 4 13 1.6130818
76 4 14 0.9775558
77 4 15 418.8969
78 4 16 22.877426
79 4 17 1.3063574
80 4 18 1.6808796
81 4 19 114.03719
82 4 20 39.06148
83 4 21 0.0150948465
84 4 22 23.826624
85 5 1 5479.5776
86 5 2 543.0554
87 5 3 495.93332
88 5 4 594.4805
89 5 6 756.25885
90 5 7 1351.7769
91 5 8 339.19583
92 5 9 113.92388
93 5 10 540.7804
94 5 11 460.00528
95 5 12 997.20734
96 5 13 755.95703
97 5 14 0.14134057
98 5 15 568.76587
99 5 16 409.26047
100 5 17 19.145203
101 5 18 515.14307
102 5 19 7943.186
103 5 20 1616.7278
104 5 21 86.2093
105 5 22 3179.9697
106 6 1 459.70956
107 6 2 15.472478
108 6 3 825.80194
109 6 4 7.2203555
110 6 5 1557.8876
111 6 7 108.613846
112 6 8 22.227585
113 6 9 12.1156
114 6 10 173.917
115 6 11 0.63866943
116 6 12 4.5672975
117 6 13 97.87445
118 6 14 0.11704877
119 6 15 298.69495
120 6 16 45.92398
121 6 17 2.386551
122 6 18 98.39026
123 6 19 84.16187
124 6 20 15.093402
125 6 21 1.4599273
126 6 22 270.8494
127 7 1 12.010838
128 7 2 14.74571
129 7 3 428.1465
130 7 4 4.439599
131 7 5 363.10303
132 7 6 175.59595
133 7 8 36.109226
134 7 9 4.3876677
135 7 10 7.6247854
136 7 11 1.1581278
137 7 12 2.3901281
138 7 13 7.3758335
139 7 14 0.4891424
140 7 15 4379.0737
141 7 16 86.28239
142 7 17 10.4016075
143 7 18 1.4897405
144 7 19 626.30945
145 7 20 0.9944257
146 7 21 0.22648498
147 7 22 216.69012
148 8 1 1481.751
149 8 2 17.541523
150 8 3 6360.018
151 8 4 30.465136
152 8 5 7677.4287
153 8 6 31.673077
154 8 7 0.0052800924
155 8 9 21.553478
156 8 10 8166.723
157 8 11 0.49845663
158 8 12 1.8536953
159 8 13 61.68985
160 8 14 0.2441175
161 8 15 173.0675
162 8 16 39.29547
163 8 17 1.5702035
164 8 18 3.352246
165 8 19 896.4662
166 8 20 62.54985
167 8 21 0.4007969
168 8 22 1622.3396
169 9 1 8681.684
170 9 2 0.8815457
171 9 3 99.670204
172 9 4 0.019682575
173 9 5 240.29396
174 9 6 0.2941394
175 9 7 0.047697566
176 9 8 0.32131618
177 9 10 1384.1443
178 9 11 0.012045373
179 9 12 -0.07502487
180 9 13 13.893617
181 9 14 0.7897617
182 9 15 15.879479
183 9 16 11.141296
184 9 17 0.016120669
185 9 18 0.55432093
186 9 19 577.8719
187 9 20 23.309418
188 9 21 2.0741796
189 9 22 1.5617661
190 10 1 10338.418
191 10 2 2.1314323
192 10 3 258.78558
193 10 4 0.10202708
194 10 5 504.05975
195 10 6 8.292723
196 10 7 0.08762117
197 10 8 0.6513526
198 10 9 5288.915
199 10 11 0.5374551
200 10 12 0.8735602
201 10 13 105.21517
202 10 14 0.24958777
203 10 15 50.23179
204 10 16 44.373825
205 10 17 1.4832934
206 10 18 4.7993803
207 10 19 1008.5381
208 10 20 159.09383
209 10 21 36.804596
210 10 22 435.5182
211 11 1 0.03799316
212 11 2 2.7989478
213 11 3 3.374515
214 11 4 0.5113645
215 11 5 222.56622
216 11 6 8.708946
217 11 7 6.6747384
218 11 8 0.591426
219 11 9 0.29384434
220 11 10 -0.35657167
221 11 12 0.53485626
222 11 13 -0.004340665
223 11 14 1.1453855
224 11 15 30.302366
225 11 16 51.936028
226 11 17 5.480138
227 11 18 2.5779133
228 11 19 303.38602
229 11 20 1.2036037
230 11 21 0.31258166
231 11 22 28.699982
232 12 1 216.14525
233 12 2 0.8372514
234 12 3 105.77824
235 12 4 0.05450105
236 12 5 762.2496
237 12 6 3.7889094
238 12 7 0.6571101
239 12 8 0.45636386
240 12 9 0.00969204
241 12 10 61.16466
242 12 11 0.030421892
243 12 13 26.740545
244 12 14 0.0060527055
245 12 15 44.00867
246 12 16 3.3499067
247 12 17 0.015240209
248 12 18 0.036623526
249 12 19 50.87918
250 12 20 0.20285442
251 12 21 0.01104775
252 12 22 51.14052
253 13 1 432.60693
254 13 2 71.55946
255 13 3 1548.2882
256 13 4 18.005562
257 13 5 767.60394
258 13 6 176.1658
259 13 7 3123.6926
260 13 8 47.411118
261 13 9 1.6484654
262 13 10 134.20691
263 13 11 7.414426
264 13 12 7.693636
265 13 14 0.1565859
266 13 15 7534.0166
267 13 16 14.2217
268 13 17 0.24813119
269 13 18 137.3935
270 13 19 824.06476
271 13 20 12.033001
272 13 21 0.6922361
273 13 22 128.9136
274 14 1 0.7908711
275 14 2 0.15842038
276 14 3 34.33897
277 14 4 0.019839391
278 14 5 1245.1069
279 14 6 0.09875824
280 14 7 0.30900896
281 14 8 0.0045685
282 14 9 0.0017231534
283 14 10 26.353592
284 14 11 0.004833414
285 14 12 0.008882262
286 14 13 0.3488349
287 14 15 0.9868391
288 14 16 0.099048704
289 14 17 0.10772794
290 14 18 0.025399702
291 14 19 30.68458
292 14 20 0.0656718
293 14 21 0.0061767595
294 14 22 86.0756
295 15 1 86.6034
296 15 2 589.3023
297 15 3 1665.4572
298 15 4 346.30087
299 15 5 1984.253
300 15 6 25.589561
301 15 7 52.368393
302 15 8 5.1558266
303 15 9 40.34679
304 15 10 458.8464
305 15 11 3.6636782
306 15 12 3.5592153
307 15 13 0.5613046
308 15 14 0.05673733
309 15 16 0.035221815
310 15 17 442.52795
311 15 18 100.33598
312 15 19 1032.1176
313 15 20 302.13577
314 15 21 21.245123
315 15 22 419.8045
316 16 1 13409.067
317 16 2 712.6344
318 16 3 5374.215
319 16 4 0.04080403
320 16 5 4094.9773
321 16 6 677.6608
322 16 7 1.238593
323 16 8 36.07288
324 16 9 174.01862
325 16 10 1843.387
326 16 11 310.28265
327 16 12 91.75377
328 16 13 29.10585
329 16 14 0.046191484
330 16 15 0.38408434
331 16 17 178.48354
332 16 18 346.49396
333 16 19 1430.5688
334 16 20 473.29102
335 16 21 139.47935
336 16 22 4232.522
337 17 1 39.767624
338 17 2 22.241772
339 17 3 52.5842
340 17 4 0.004480399
341 17 5 341.38943
342 17 6 20.06579
343 17 7 6.1785693
344 17 8 10.495031
345 17 9 6.4578648
346 17 10 80.45671
347 17 11 0.6256448
348 17 12 1.7090832
349 17 13 0.3319318
350 17 14 0.20428959
351 17 15 198.47762
352 17 16 50.207893
353 17 18 6.4717875
354 17 19 473.8089
355 17 20 70.481445
356 17 21 0.0035016304
357 17 22 84.99659
358 18 1 29.02351
359 18 2 0.23458861
360 18 3 1013.1307
361 18 4 96.849625
362 18 5 202.92938
363 18 6 34.279316
364 18 7 1.5702438
365 18 8 0.12312273
366 18 9 0.34485304
367 18 10 392.51074
368 18 11 0.064157255
369 18 12 0.049093377
370 18 13 93.414375
371 18 14 2.8861432
372 18 15 16.458574
373 18 16 4.0028353
374 18 17 1.6123742
375 18 19 2827.6558
376 18 20 6.0482087
377 18 21 0.06165604
378 18 22 503.9329
379 19 1 391.68893
380 19 2 117.58793
381 19 3 975.98737
382 19 4 473.80096
383 19 5 2700.3481
384 19 6 214.97472
385 19 7 496.46216
386 19 8 3.1666257
387 19 9 68.59956
388 19 10 3662.8914
389 19 11 180.3608
390 19 12 86.4076
391 19 13 32.57848
392 19 14 0.20997949
393 19 15 2385.044
394 19 16 373.0433
395 19 17 628.263
396 19 18 2056.6985
397 19 20 273.22568
398 19 21 131.51195
399 19 22 745.6861
400 20 1 9893.769
401 20 2 6.36626
402 20 3 4143.227
403 20 4 0.00815499
404 20 5 265.4595
405 20 6 3.2211537
406 20 7 0.060130425
407 20 8 0.52843523
408 20 9 7.910867
409 20 10 3843.6558
410 20 11 0.039392963
411 20 12 0.2753081
412 20 13 26.575695
413 20 14 0.3023595
414 20 15 154.03609
415 20 16 24.613735
416 20 17 4.8413672
417 20 18 3.6934428
418 20 19 989.77673
419 20 21 11.982196
420 20 22 6.5199265
421 21 1 171.10062
422 21 2 0.65466607
423 21 3 2.2082562
424 21 4 -0.0002026353
425 21 5 106.351715
426 21 6 0.18261114
427 21 7 -0.0352502
428 21 8 0.29912767
429 21 9 -0.22169863
430 21 10 81.994156
431 21 11 0.013517492
432 21 12 0.16703087
433 21 13 0.016243637
434 21 14 1.193203
435 21 15 19.893982
436 21 16 0.8127078
437 21 17 -0.00039537624
438 21 18 0.57357985
439 21 19 19.246775
440 21 20 15.007063
441 21 22 3.7359836
442 22 1 11.905119
443 22 2 132.06831
444 22 3 1071.8917
445 22 4 50.50409
446 22 5 2409.2527
447 22 6 408.4886
448 22 7 536.27045
449 22 8 121.60309
450 22 9 33.580193
451 22 10 74.25732
452 22 11 0.11434203
453 22 12 14.171793
454 22 13 3.7973442
455 22 14 0.012946433
456 22 15 5132.7256
457 22 16 225.40877
458 22 17 49.039925
459 22 18 1967.0778
460 22 19 2857.612
461 22 20 54.170307
462 22 21 3.981339
