1 1 2 164.79848
2 1 3 1904.9435
3 1 4 0.001584724
4 1 5 865.52435
5 1 6 1.2842779
6 1 7 -0.034918375
7 1 8 1274.0575
8 1 9 4840.8213
9 1 10 8857.415
10 1 11 0.28682235
11 1 12 3659.7722
12 1 13 371.00836
13 1 14 0.30144802
14 1 15 112.97978
15 1 16 -2.2973537
16 1 17 0.022696469
17 1 18 7.1979823
18 1 19 6032.746
19 1 20 12739.103
20 1 21 -2.6978552e-05
21 1 22 59.270687
22 2 1 52.75934
23 2 3 1889.241
24 2 4 2.2811577
25 2 5 629.49835
26 2 6 17.098549
27 2 7 92.92231
28 2 8 0.12119747
29 2 9 2.788768
30 2 10 32.742157
31 2 11 0.6464188
32 2 12 0.4400138
33 2 13 0.08073959
34 2 14 0.499445
35 2 15 371.71906
36 2 16 13.000434
37 2 17 3.4855726
38 2 18 0.3122907
39 2 19 1830.0767
40 2 20 0.92303383
41 2 21 0.66045105
42 2 22 103.345795
43 3 1 129898.164
44 3 2 672.3806
45 3 4 63.856762
46 3 5 15217.326
47 3 6 24100.756
48 3 7 893.382
49 3 8 202.40695
50 3 9 9.488273
51 3 10 2100.4478
52 3 11 1.6769302
53 3 12 37.95008
54 3 13 90.09464
55 3 14 0.30540743
56 3 15 4260.3643
57 3 16 185.49506
58 3 17 0.21045896
59 3 18 332.33875
60 3 19 98844.375
61 3 20 13.847078
62 3 21 24.502674
63 3 22 744.4317
64 4 1 4738.336
65 4 2 -0.54823893
66 4 3 8.1946535
67 4 5 342.41122
68 4 6 22.393759
69 4 7 18.764553
70 4 8 0.89326966
71 4 9 8.366557
72 4 10 51.4453
73 4 11 2.8659074
74 4 12 0.025199488
75 4 13 0.050548818
76 4 14 0.9775558
77 4 15 375.41855
78 4 16 23.38002
79 4 17 1.3003736
80 4 18 0.7444423
81 4 19 123.942825
82 4 20 35.347214
83 4 21 0.0150948465
84 4 22 57.385544
85 5 1 5463.762
86 5 2 553.38293
87 5 3 542.4698
88 5 4 511.62012
89 5 6 762.90344
90 5 7 1369.01
91 5 8 309.10852
92 5 9 114.08962
93 5 10 524.8848
94 5 11 456.70297
95 5 12 977.7998
96 5 13 800.36835
97 5 14 0.035934884
98 5 15 568.4816
99 5 16 390.7827
100 5 17 2.1654825
101 5 18 546.0923
102 5 19 7981.7725
103 5 20 1625.4819
104 5 21 39.309196
105 5 22 3201.3923
106 6 1 452.33395
107 6 2 25.55335
108 6 3 824.43005
109 6 4 11.008291
110 6 5 1417.1017
111 6 7 91.03615
112 6 8 19.802744
113 6 9 10.389487
114 6 10 241.8782
115 6 11 0.5314632
116 6 12 4.133802
117 6 13 99.18969
118 6 14 0.18296352
119 6 15 307.59323
120 6 16 55.30926
121 6 17 0.6279102
122 6 18 100.60376
123 6 19 113.70989
124 6 20 19.615112
125 6 21 1.2453932
126 6 22 317.80148
127 7 1 23.156063
128 7 2 -26.141163
129 7 3 446.24863
130 7 4 3.4745533
131 7 5 384.34506
132 7 6 166.22359
133 7 8 7.5250077
134 7 9 1.7162364
135 7 10 9.205398
136 7 11 1.3880564
137 7 12 3.4758794
138 7 13 6.9000487
139 7 14 0.4891424
140 7 15 4358.2456
141 7 16 119.67151
142 7 17 2.6148942
143 7 18 0.59601456
144 7 19 616.2404
145 7 20 2.187079
146 7 21 0.19654779
147 7 22 480.29276
148 8 1 1356.1168
149 8 2 10.2383
150 8 3 6092.829
151 8 4 41.728477
152 8 5 7670.475
153 8 6 43.725254
154 8 7 0.0052800924
155 8 9 23.258911
156 8 10 5347.772
157 8 11 0.588835
158 8 12 2.8487494
159 8 13 79.190414
160 8 14 0.2441175
161 8 15 171.67873
162 8 16 50.74572
163 8 17 0.7204971
164 8 18 5.5762453
165 8 19 883.4011
166 8 20 63.649254
167 8 21 4.882197
168 8 22 1866.3358
169 9 1 8669.442
170 9 2 0.2738833
171 9 3 79.77894
172 9 4 0.019682575
173 9 5 241.66103
174 9 6 0.5050496
175 9 7 0.047697566
176 9 8 0.13996634
177 9 10 1380.5762
178 9 11 0.04059146
179 9 12 0.023420395
180 9 13 10.334525
181 9 14 0.7897617
182 9 15 29.666204
183 9 16 17.382616
184 9 17 0.0051018237
185 9 18 0.8768043
186 9 19 519.93604
187 9 20 17.631378
188 9 21 1.9062909
189 9 22 11.174365
190 10 1 10337.656
191 10 2 14.218749
192 10 3 237.17609
193 10 4 0.10202708
194 10 5 503.60953
195 10 6 8.829802
196 10 7 0.08762117
197 10 8 0.7484593
198 10 9 5320.6694
199 10 11 0.9852713
200 10 12 1.1681792
201 10 13 94.4259
202 10 14 0.24958777
203 10 15 48.846546
204 10 16 39.523697
205 10 17 0.20971291
206 10 18 6.2176104
207 10 19 1086.5684
208 10 20 147.98972
209 10 21 18.72442
210 10 22 37.878574
211 11 1 0.027247598
212 11 2 2.5888252
213 11 3 5.298538
214 11 4 0.6813792
215 11 5 248.29536
216 11 6 65.329895
217 11 7 1.0676284
218 11 8 0.5672805
219 11 9 0.30193645
220 11 10 -0.79518116
221 11 12 0.46461266
222 11 13 -0.014542402
223 11 14 0.67787486
224 11 15 93.33795
225 11 16 41.845684
226 11 17 3.3158097
227 11 18 1.5455421
228 11 19 300.34506
229 11 20 1.4693671
230 11 21 0.32376367
231 11 22 8.577969
232 12 1 222.5383
233 12 2 0.94609606
234 12 3 111.41649
235 12 4 0.0429696
236 12 5 765.24164
237 12 6 4.712735
238 12 7 1.3854574
239 12 8 0.25537968
240 12 9 0.009759814
241 12 10 258.6204
242 12 11 0.027955536
243 12 13 37.831238
244 12 14 0.0059941737
245 12 15 47.790813
246 12 16 2.9996
247 12 17 -0.0025017571
248 12 18 -0.0969944
249 12 19 100.02028
250 12 20 0.14946721
251 12 21 0.010554699
252 12 22 10.857188
253 13 1 417.22333
254 13 2 94.04831
255 13 3 1538.8396
256 13 4 102.878265
257 13 5 746.04095
258 13 6 168.32852
259 13 7 6299.861
260 13 8 20.606674
261 13 9 0.702339
262 13 10 128.53627
263 13 11 1.3784231
264 13 12 2.7271574
265 13 14 0.14233655
266 13 15 7350.1963
267 13 16 8.901474
268 13 17 0.11631729
269 13 18 5.821975
270 13 19 703.52747
271 13 20 11.563423
272 13 21 0.98162675
273 13 22 131.75371
274 14 1 0.75770223
275 14 2 0.17400327
276 14 3 29.544085
277 14 4 0.039760847
278 14 5 1244.5315
279 14 6 0.17796159
280 14 7 0.096696585
281 14 8 0.0045219725
282 14 9 0.0021117472
283 14 10 229.23923
284 14 11 0.004195636
285 14 12 0.0088973725
286 14 13 0.26444077
287 14 15 0.9509725
288 14 16 0.09252037
289 14 17 0.10021226
290 14 18 0.013016345
291 14 19 55.315052
292 14 20 0.11592417
293 14 21 0.0062762205
294 14 22 70.69811
295 15 1 224.3437
296 15 2 584.87427
297 15 3 1892.3834
298 15 4 361.57324
299 15 5 1954.4828
300 15 6 44.77645
301 15 7 98.5839
302 15 8 8.719083
303 15 9 57.947853
304 15 10 450.26913
305 15 11 16.364964
306 15 12 11.646953
307 15 13 0.5165392
308 15 14 0.05081303
309 15 16 0.028022785
310 15 17 479.50882
311 15 18 82.741516
312 15 19 947.8648
313 15 20 277.63226
314 15 21 8.00252
315 15 22 408.2087
316 16 1 13428.617
317 16 2 718.80914
318 16 3 5413.186
319 16 4 0.04080403
320 16 5 4093.658
321 16 6 662.54065
322 16 7 2.3605223
323 16 8 51.94165
324 16 9 174.2807
325 16 10 1829.5994
326 16 11 262.2291
327 16 12 86.93875
328 16 13 1.083988
329 16 14 0.047873743
330 16 15 0.40837568
331 16 17 11.32463
332 16 18 269.30783
333 16 19 1401.6151
334 16 20 457.63553
335 16 21 126.98927
336 16 22 4138.161
337 17 1 107.05482
338 17 2 19.333021
339 17 3 6.717255
340 17 4 0.004480399
341 17 5 360.90048
342 17 6 24.475433
343 17 7 9.279669
344 17 8 2.73151
345 17 9 40.523712
346 17 10 72.98587
347 17 11 0.56738985
348 17 12 1.4555898
349 17 13 0.28366497
350 17 14 0.20627613
351 17 15 195.8261
352 17 16 32.498745
353 17 18 9.210373
354 17 19 467.1409
355 17 20 60.61609
356 17 21 0.0035016304
357 17 22 44.638363
358 18 1 20.728367
359 18 2 0.24732336
360 18 3 1590.1521
361 18 4 7.884791
362 18 5 200.15529
363 18 6 49.684856
364 18 7 1.3898916
365 18 8 0.110498086
366 18 9 1.3025852
367 18 10 1105.2968
368 18 11 0.056980122
369 18 12 0.04647656
370 18 13 100.88304
371 18 14 2.8861432
372 18 15 15.111493
373 18 16 4.5299454
374 18 17 1.0472728
375 18 19 2823.551
376 18 20 18.045761
377 18 21 0.06369581
378 18 22 563.53876
379 19 1 360.6382
380 19 2 183.19012
381 19 3 992.3638
382 19 4 485.46863
383 19 5 2681.7256
384 19 6 285.46167
385 19 7 524.87756
386 19 8 3.881136
387 19 9 83.14476
388 19 10 3485.2139
389 19 11 214.85551
390 19 12 87.8083
391 19 13 45.478424
392 19 14 0.3520439
393 19 15 2370.5364
394 19 16 324.42334
395 19 17 619.7439
396 19 18 2055.24
397 19 20 290.85605
398 19 21 67.75334
399 19 22 807.5389
400 20 1 9893.189
401 20 2 3.7308204
402 20 3 4248.462
403 20 4 0.00815499
404 20 5 272.70728
405 20 6 4.559351
406 20 7 0.060130425
407 20 8 0.8155188
408 20 9 16.768766
409 20 10 3773.8103
410 20 11 0.03927417
411 20 12 0.20035042
412 20 13 20.77503
413 20 14 0.3023595
414 20 15 166.92897
415 20 16 28.430042
416 20 17 0.6110148
417 20 18 6.1201777
418 20 19 975.4641
419 20 21 2.943039
420 20 22 -10.893086
421 21 1 634.44946
422 21 2 1.0513464
423 21 3 3.7483559
424 21 4 -0.0002026353
425 21 5 96.05001
426 21 6 0.4458368
427 21 7 -0.0352502
428 21 8 0.31721613
429 21 9 0.5990248
430 21 10 101.6737
431 21 11 0.012296872
432 21 12 0.18011405
433 21 13 0.016243637
434 21 14 1.193203
435 21 15 11.577999
436 21 16 6.4511533
437 21 17 -0.00039537624
438 21 18 0.93637264
439 21 19 5.309329
440 21 20 -1.1515433
441 21 22 4.898399
442 22 1 10.091822
443 22 2 145.75687
444 22 3 1025.1886
445 22 4 114.831116
446 22 5 2363.6162
447 22 6 423.5288
448 22 7 540.20465
449 22 8 39.794025
450 22 9 59.691776
451 22 10 105.42776
452 22 11 0.09333461
453 22 12 13.346219
454 22 13 3.2738028
455 22 14 0.013640555
456 22 15 5095.82
457 22 16 210.63737
458 22 17 13.543577
459 22 18 1921.4631
460 22 19 2858.4338
461 22 20 78.363396
462 22 21 3.2351503
