1 1 2 58.505821999999995
2 1 3 280.014114
3 1 4 0.0
4 1 5 29.018371000000002
5 1 6 3.110039
6 1 7 0.0
7 1 8 156.25213
8 1 9 1268.6061960000002
9 1 10 2493.1064960000003
10 1 11 0.265805
11 1 12 343.94293600000003
12 1 13 37.407963
13 1 14 0.0
14 1 15 29.241384
15 1 16 3.8160230000000004
16 1 17 0.0
17 1 18 2.025169
18 1 19 1851.8572060000001
19 1 20 3529.2010099999998
20 1 21 0.0
21 1 22 21.454871
22 2 1 1.591908
23 2 3 1.156058
24 2 4 0.11904200000000001
25 2 5 20.309891
26 2 6 7.311583
27 2 7 14.104096
28 2 8 0.27384600000000003
29 2 9 0.040768
30 2 10 40.180784
31 2 11 0.040205
32 2 12 0.04611
33 2 13 0.007985
34 2 14 0.0
35 2 15 43.859096
36 2 16 2.276973
37 2 17 0.136304
38 2 18 0.021705000000000002
39 2 19 527.007147
40 2 20 0.84122
41 2 21 0.013382999999999999
42 2 22 3.360043
43 3 1 5566.688147000001
44 3 2 0.717623
45 3 4 21.591064000000003
46 3 5 341.924347
47 3 6 8557.254621
48 3 7 148.315143
49 3 8 29.592323
50 3 9 11.041402999999999
51 3 10 41.0856
52 3 11 2.0557030000000003
53 3 12 0.628047
54 3 13 1.000355
55 3 14 0.0
56 3 15 293.27221
57 3 16 10.179827
58 3 17 0.0
59 3 18 171.203293
60 3 19 4718.308956999999
61 3 20 3.257028
62 3 21 0.907348
63 3 22 217.13732199999998
64 4 1 108.37688399999999
65 4 2 1.218982
66 4 3 19.238854
67 4 5 194.585716
68 4 6 3.137986
69 4 7 5.144599
70 4 8 0.125508
71 4 9 9.292442000000001
72 4 10 4.251084
73 4 11 0.44344
74 4 12 0.0
75 4 13 0.403797
76 4 14 0.0
77 4 15 58.887183
78 4 16 17.53066
79 4 17 0.006635
80 4 18 0.014845
81 4 19 9.847838000000001
82 4 20 38.033143
83 4 21 0.0
84 4 22 11.034206
85 5 1 1262.678464
86 5 2 61.213189
87 5 3 124.08570800000001
88 5 4 93.85994
89 5 6 142.93184200000002
90 5 7 147.762445
91 5 8 170.297689
92 5 9 186.45124399999997
93 5 10 175.110691
94 5 11 59.498136
95 5 12 164.13789
96 5 13 157.542412
97 5 14 0.0
98 5 15 649.269837
99 5 16 87.172186
100 5 17 0.0
101 5 18 10.916568999999999
102 5 19 1484.186024
103 5 20 2597.154248
104 5 21 10.84032
105 5 22 621.484281
106 6 1 137.277676
107 6 2 4.51509
108 6 3 229.45703100000003
109 6 4 1.5723950000000002
110 6 5 233.713232
111 6 7 9.85363
112 6 8 1.373787
113 6 9 0.886823
114 6 10 24.320417
115 6 11 1.7853430000000001
116 6 12 1.7802820000000001
117 6 13 9.509101000000001
118 6 14 0.0
119 6 15 28.795863
120 6 16 11.187548
121 6 17 0.0
122 6 18 126.757143
123 6 19 13.651097
124 6 20 30.342392
125 6 21 0.426401
126 6 22 17.804563
127 7 1 3.0785489999999998
128 7 2 1.8331399999999998
129 7 3 26.261294999999997
130 7 4 1.428611
131 7 5 37.507887000000004
132 7 6 61.432773
133 7 8 0.541113
134 7 9 1.0271210000000002
135 7 10 3.003312
136 7 11 0.061292
137 7 12 0.541057
138 7 13 0.27446499999999996
139 7 14 0.0
140 7 15 179.796499
141 7 16 22.560153
142 7 17 25.605526
143 7 18 0.716049
144 7 19 410.537965
145 7 20 3.1809469999999997
146 7 21 0.016194
147 7 22 37.238032000000004
148 8 1 406.098618
149 8 2 0.597739
150 8 3 605.727942
151 8 4 2.936566
152 8 5 7574.9012299999995
153 8 6 5.645395
154 8 7 0.0
155 8 9 5.7398620000000005
156 8 10 795.806553
157 8 11 0.159472
158 8 12 0.03745
159 8 13 16.795155
160 8 14 0.0
161 8 15 52.319765000000004
162 8 16 7.965609
163 8 17 0.0
164 8 18 2.306832
165 8 19 307.388733
166 8 20 13.718462
167 8 21 2.716533
168 8 22 96.753319
169 9 1 3153.8583639999997
170 9 2 0.046391
171 9 3 17.523519
172 9 4 0.0
173 9 5 210.79123099999998
174 9 6 0.605611
175 9 7 0.0
176 9 8 0.081873
177 9 10 980.0414989999999
178 9 11 0.002249
179 9 12 0.0
180 9 13 3.522271
181 9 14 0.0
182 9 15 11.861199
183 9 16 0.771493
184 9 17 0.0
185 9 18 0.098293
186 9 19 98.03089299999999
187 9 20 11.62379
188 9 21 0.08985800000000001
189 9 22 2.627406
190 10 1 6513.046947
191 10 2 1.52696
192 10 3 97.250629
193 10 4 0.0
194 10 5 544.675461
195 10 6 2.129309
196 10 7 0.0
197 10 8 0.534028
198 10 9 1291.99891
199 10 11 0.047684000000000004
200 10 12 0.76244
201 10 13 6.967954000000001
202 10 14 0.0
203 10 15 19.133026
204 10 16 12.179524
205 10 17 0.0
206 10 18 0.079061
207 10 19 346.464684
208 10 20 8.433396
209 10 21 0.618657
210 10 22 68.626214
211 11 1 0.003036
212 11 2 0.786732
213 11 3 1.9541490000000001
214 11 4 0.008772
215 11 5 13.243195
216 11 6 112.2348
217 11 7 1.309176
218 11 8 0.345654
219 11 9 0.204007
220 11 10 1.132554
221 11 12 0.0
222 11 13 0.0
223 11 14 0.0
224 11 15 7.2056439999999995
225 11 16 15.989136
226 11 17 0.38287899999999997
227 11 18 0.097505
228 11 19 31.388294
229 11 20 0.084347
230 11 21 0.0
231 11 22 10.448276
232 12 1 29.123410999999997
233 12 2 0.18938700000000003
234 12 3 25.496606
235 12 4 0.0
236 12 5 336.457992
237 12 6 1.540624
238 12 7 0.236734
239 12 8 0.174654
240 12 9 0.002249
241 12 10 21.204699
242 12 11 0.014395
243 12 13 6.663405
244 12 14 0.0
245 12 15 2.115364
246 12 16 4.733772999999999
247 12 17 0.0
248 12 18 0.0
249 12 19 10.222338
250 12 20 0.044142
251 12 21 0.011246
252 12 22 1.365913
253 13 1 277.289653
254 13 2 19.329442
255 13 3 336.413457
256 13 4 2.416483
257 13 5 337.070857
258 13 6 21.60529
259 13 7 565.007114
260 13 8 2.214106
261 13 9 0.054994
262 13 10 166.20309600000002
263 13 11 0.085921
264 13 12 1.069575
265 13 14 0.0
266 13 15 1140.501751
267 13 16 5.819655
268 13 17 0.0
269 13 18 6.397769
270 13 19 18.091061
271 13 20 8.945889
272 13 21 11.510878
273 13 22 11.613050000000001
274 14 1 0.783414
275 14 2 0.029803
276 14 3 12.860709
277 14 4 0.083222
278 14 5 386.619994
279 14 6 0.703903
280 14 7 0.011471
281 14 8 0.002249
282 14 9 0.0
283 14 10 13.350315
284 14 11 0.0
285 14 12 0.0
286 14 13 0.031321
287 14 15 1.4521730000000002
288 14 16 0.16965
289 14 17 0.003599
290 14 18 0.0
291 14 19 5.892474
292 14 20 0.360442
293 14 21 0.0
294 14 22 5.93178
295 15 1 18.576787000000003
296 15 2 83.378825
297 15 3 124.86766
298 15 4 35.347819
299 15 5 298.001035
300 15 6 4.584255000000001
301 15 7 10.447769
302 15 8 0.622874
303 15 9 16.09845
304 15 10 67.091325
305 15 11 0.23212300000000002
306 15 12 0.723865
307 15 13 1.105675
308 15 14 0.0
309 15 16 0.083897
310 15 17 7.6623529999999995
311 15 18 4.96269
312 15 19 288.538212
313 15 20 57.779764
314 15 21 0.181459
315 15 22 261.964496
316 16 1 1524.584873
317 16 2 103.334907
318 16 3 2267.706495
319 16 4 0.0
320 16 5 999.3249999999999
321 16 6 357.45390499999996
322 16 7 2.064981
323 16 8 4.609839
324 16 9 49.113233
325 16 10 427.04735200000005
326 16 11 30.801127
327 16 12 28.436602
328 16 13 0.547018
329 16 14 0.002699
330 16 15 0.126858
331 16 17 0.0
332 16 18 37.892059
333 16 19 266.685167
334 16 20 71.96157099999999
335 16 21 16.464909
336 16 22 1091.160332
337 17 1 0.484882
338 17 2 24.744906999999998
339 17 3 2.8223599999999998
340 17 4 0.0
341 17 5 72.64393799999999
342 17 6 12.395733
343 17 7 3.322481
344 17 8 0.337388
345 17 9 1.9327809999999999
346 17 10 8.966301
347 17 11 0.03239
348 17 12 0.444114
349 17 13 0.467507
350 17 14 0.0
351 17 15 69.364756
352 17 16 9.030011
353 17 18 1.896005
354 17 19 270.266874
355 17 20 35.235243
356 17 21 0.0
357 17 22 18.131716
358 18 1 14.290951
359 18 2 0.026935
360 18 3 109.314484
361 18 4 0.100597
362 18 5 68.77050299999999
363 18 6 25.926157000000003
364 18 7 5.917498
365 18 8 0.46289600000000003
366 18 9 0.637213
367 18 10 116.95209700000001
368 18 11 0.170606
369 18 12 0.007198
370 18 13 55.904565000000005
371 18 14 0.0
372 18 15 21.403476
373 18 16 1.650163
374 18 17 0.453337
375 18 19 1751.738221
376 18 20 2.4825540000000004
377 18 21 0.026767
378 18 22 44.259969
379 19 1 75.975472
380 19 2 72.129028
381 19 3 415.368567
382 19 4 28.561098
383 19 5 708.83635
384 19 6 17.306016
385 19 7 241.46954800000003
386 19 8 1.346233
387 19 9 10.225825
388 19 10 269.808983
389 19 11 52.029218
390 19 12 8.28489
391 19 13 2.628924
392 19 14 0.0
393 19 15 468.938354
394 19 16 92.908506
395 19 17 37.480502
396 19 18 714.6068029999999
397 19 20 61.714885
398 19 21 20.414818
399 19 22 127.019237
400 20 1 4809.424754
401 20 2 0.542745
402 20 3 499.9788
403 20 4 0.0
404 20 5 324.470048
405 20 6 4.459252
406 20 7 0.0
407 20 8 0.933101
408 20 9 3.615389
409 20 10 806.887094
410 20 11 0.003374
411 20 12 1.504861
412 20 13 5.481593
413 20 14 0.0
414 20 15 24.29978
415 20 16 21.396335
416 20 17 0.0
417 20 18 1.527298
418 20 19 253.247187
419 20 21 28.818187
420 20 22 6.483128000000001
421 21 1 19.221479
422 21 2 0.032726
423 21 3 2.010999
424 21 4 0.0
425 21 5 4.460039
426 21 6 0.83644
427 21 7 0.0
428 21 8 0.418136
429 21 9 0.049652
430 21 10 110.37883
431 21 11 0.004049
432 21 12 0.31556999999999996
433 21 13 0.0
434 21 14 0.0
435 21 15 1.9223219999999999
436 21 16 4.940367
437 21 17 0.0
438 21 18 0.72156
439 21 19 3.034014
440 21 20 3.967059
441 21 22 2.6110990000000003
442 22 1 1.819701
443 22 2 14.500019
444 22 3 482.121437
445 22 4 3.692539
446 22 5 261.94464600000003
447 22 6 15.657822
448 22 7 126.321407
449 22 8 3.490837
450 22 9 1.277012
451 22 10 8.586008
452 22 11 0.051958000000000004
453 22 12 1.446999
454 22 13 0.431968
455 22 14 0.012821
456 22 15 547.564005
457 22 16 76.919932
458 22 17 3.356332
459 22 18 498.39949
460 22 19 1625.498574
461 22 20 62.212757
462 22 21 0.3357
