1 1 2 66.380112
2 1 3 336.467608
3 1 4 0.0
4 1 5 88.880042
5 1 6 0.8746769999999999
6 1 7 0.0
7 1 8 295.450777
8 1 9 1458.0782960000001
9 1 10 2725.739638
10 1 11 0.408914
11 1 12 504.007883
12 1 13 38.820212
13 1 14 0.0
14 1 15 9.836086
15 1 16 6.7924
16 1 17 0.0
17 1 18 8.425862
18 1 19 2316.652721
19 1 20 3544.105332
20 1 21 0.0
21 1 22 19.059363
22 2 1 2.3190340000000003
23 2 3 252.50262800000002
24 2 4 0.17510399999999998
25 2 5 19.833499
26 2 6 2.656084
27 2 7 14.462345
28 2 8 0.097786
29 2 9 71.601635
30 2 10 3.521877
31 2 11 0.03222
32 2 12 0.50119
33 2 13 0.102791
34 2 14 0.0
35 2 15 152.41052200000001
36 2 16 18.826341
37 2 17 2.4786740000000003
38 2 18 0.073157
39 2 19 495.047544
40 2 20 0.040037
41 2 21 0.005848
42 2 22 4.270596
43 3 1 515.38645
44 3 2 75.631168
45 3 4 6.489538
46 3 5 273.884625
47 3 6 6723.555727999999
48 3 7 229.287438
49 3 8 3.934614
50 3 9 0.373376
51 3 10 40.9755
52 3 11 0.8504419999999999
53 3 12 1.379184
54 3 13 0.785551
55 3 14 0.0
56 3 15 66.01972599999999
57 3 16 74.716397
58 3 17 0.0
59 3 18 163.086141
60 3 19 451.44626800000003
61 3 20 4.045446
62 3 21 1.192103
63 3 22 161.707968
64 4 1 233.875347
65 4 2 1.891957
66 4 3 1.316599
67 4 5 40.111563
68 4 6 3.8092179999999995
69 4 7 3.858309
70 4 8 3.226831
71 4 9 0.829804
72 4 10 24.350951
73 4 11 165.658721
74 4 12 0.034638
75 4 13 0.0
76 4 14 0.0
77 4 15 61.86193
78 4 16 15.537318
79 4 17 0.002249
80 4 18 0.44653200000000004
81 4 19 7.8719280000000005
82 4 20 44.851690000000005
83 4 21 0.0
84 4 22 9.460798
85 5 1 1439.407603
86 5 2 97.169149
87 5 3 120.102004
88 5 4 23.97392
89 5 6 56.798529
90 5 7 181.712636
91 5 8 254.211497
92 5 9 10.512379
93 5 10 302.056265
94 5 11 23.109139
95 5 12 295.42598
96 5 13 109.48672099999999
97 5 14 0.0
98 5 15 515.399045
99 5 16 192.781817
100 5 17 0.0
101 5 18 50.090701
102 5 19 2432.3245450000004
103 5 20 3183.688209
104 5 21 1.925921
105 5 22 477.459584
106 6 1 118.769941
107 6 2 6.255223
108 6 3 454.52397399999995
109 6 4 2.233
110 6 5 534.35095
111 6 7 39.921220000000005
112 6 8 8.102307
113 6 9 5.63561
114 6 10 63.884793
115 6 11 0.09103800000000001
116 6 12 1.9403169999999998
117 6 13 17.621755
118 6 14 0.003318
119 6 15 23.590085000000002
120 6 16 19.165359000000002
121 6 17 0.0
122 6 18 147.660329
123 6 19 39.074995
124 6 20 11.88386
125 6 21 0.890197
126 6 22 11.934131
127 7 1 5.021958
128 7 2 2.981888
129 7 3 61.686994
130 7 4 0.384566
131 7 5 59.354184000000004
132 7 6 24.795627000000003
133 7 8 2.3222389999999997
134 7 9 0.842569
135 7 10 1.416297
136 7 11 0.399749
137 7 12 0.5424059999999999
138 7 13 0.19799
139 7 14 0.0
140 7 15 356.380281
141 7 16 65.468491
142 7 17 0.565855
143 7 18 0.054881
144 7 19 373.22250199999996
145 7 20 0.812373
146 7 21 0.052857
147 7 22 6.100306
148 8 1 461.198626
149 8 2 6.62393
150 8 3 64.328121
151 8 4 6.516585
152 8 5 8972.918234
153 8 6 15.033317
154 8 7 0.0
155 8 9 7.635026
156 8 10 1089.882308
157 8 11 0.256864
158 8 12 0.394913
159 8 13 10.967234000000001
160 8 14 0.0
161 8 15 46.802016
162 8 16 31.753403
163 8 17 0.0
164 8 18 3.619831
165 8 19 798.427999
166 8 20 34.323847
167 8 21 2.982731
168 8 22 52.535862
169 9 1 4205.362607999999
170 9 2 1.5442230000000001
171 9 3 51.586003
172 9 4 0.0
173 9 5 450.280088
174 9 6 0.631814
175 9 7 0.0
176 9 8 0.054432
177 9 10 1404.009008
178 9 11 0.005848
179 9 12 0.247193
180 9 13 2.386511
181 9 14 0.0
182 9 15 8.013068
183 9 16 7.865123
184 9 17 0.0
185 9 18 1.422539
186 9 19 125.067956
187 9 20 8.822011
188 9 21 0.009278
189 9 22 2.3013209999999997
190 10 1 7173.688715
191 10 2 37.573902000000004
192 10 3 80.54893
193 10 4 0.0
194 10 5 861.0668760000001
195 10 6 4.661066
196 10 7 0.0
197 10 8 0.47054399999999996
198 10 9 1784.341841
199 10 11 1.081889
200 10 12 0.247417
201 10 13 17.147444
202 10 14 0.0
203 10 15 39.611104
204 10 16 7.7323059999999995
205 10 17 0.0
206 10 18 2.063856
207 10 19 227.892677
208 10 20 18.7055
209 10 21 0.549211
210 10 22 9.219285
211 11 1 0.002249
212 11 2 0.205582
213 11 3 0.933496
214 11 4 4.311196
215 11 5 20.903693
216 11 6 9.506121
217 11 7 0.228748
218 11 8 0.6944
219 11 9 0.0
220 11 10 0.240051
221 11 12 0.009615
222 11 13 0.0
223 11 14 0.0
224 11 15 5.637522000000001
225 11 16 24.332113
226 11 17 0.519127
227 11 18 0.159697
228 11 19 84.967526
229 11 20 0.09115100000000001
230 11 21 0.0
231 11 22 0.17892799999999998
232 12 1 32.604575999999994
233 12 2 0.494273
234 12 3 19.10373
235 12 4 0.116343
236 12 5 343.057688
237 12 6 2.997801
238 12 7 0.355101
239 12 8 0.079848
240 12 9 0.011472
241 12 10 22.955909
242 12 11 0.042736
243 12 13 11.245916000000001
244 12 14 0.0
245 12 15 9.83333
246 12 16 10.416561999999999
247 12 17 0.0
248 12 18 0.0
249 12 19 19.829507
250 12 20 0.025078999999999997
251 12 21 0.0
252 12 22 1.820487
253 13 1 174.004229
254 13 2 16.783347
255 13 3 459.347098
256 13 4 9.053121
257 13 5 322.892874
258 13 6 32.092815
259 13 7 661.441376
260 13 8 2.634604
261 13 9 0.14249
262 13 10 23.868374000000003
263 13 11 0.103747
264 13 12 1.3841329999999998
265 13 14 0.0
266 13 15 739.544808
267 13 16 48.322283
268 13 17 0.0
269 13 18 4.081659
270 13 19 11.463025
271 13 20 2.882809
272 13 21 0.11038200000000001
273 13 22 30.282168
274 14 1 0.500571
275 14 2 0.161946
276 14 3 0.6913069999999999
277 14 4 0.03745
278 14 5 300.982079
279 14 6 0.086371
280 14 7 0.082098
281 14 8 0.003149
282 14 9 0.0
283 14 10 18.729848
284 14 11 0.003149
285 14 12 0.0
286 14 13 0.5990880000000001
287 14 15 0.046447
288 14 16 0.106502
289 14 17 0.00776
290 14 18 0.0
291 14 19 17.76745
292 14 20 0.009391
293 14 21 0.0
294 14 22 8.313511
295 15 1 28.339997
296 15 2 110.230661
297 15 3 342.196956
298 15 4 45.064132
299 15 5 359.688423
300 15 6 6.706928
301 15 7 11.222299
302 15 8 3.289304
303 15 9 4.2847100000000005
304 15 10 57.483875
305 15 11 0.567543
306 15 12 11.06637
307 15 13 0.057637
308 15 14 0.0
309 15 16 0.004049
310 15 17 82.928918
311 15 18 6.822371
312 15 19 342.887363
313 15 20 60.856402
314 15 21 0.926747
315 15 22 183.18426399999998
316 16 1 1415.0711609999998
317 16 2 85.75302099999999
318 16 3 533.955082
319 16 4 0.0
320 16 5 1627.825537
321 16 6 520.898351
322 16 7 0.914377
323 16 8 16.458443
324 16 9 40.992257
325 16 10 404.28724
326 16 11 8.106918
327 16 12 94.747156
328 16 13 0.320631
329 16 14 0.002699
330 16 15 1.211334
331 16 17 0.0
332 16 18 17.944184999999997
333 16 19 350.53936999999996
334 16 20 94.50002
335 16 21 19.010611
336 16 22 1984.1972139999998
337 17 1 3.0296279999999998
338 17 2 1.877281
339 17 3 1.240462
340 17 4 0.0
341 17 5 51.002603
342 17 6 8.220506
343 17 7 3.891822
344 17 8 1.438396
345 17 9 10.539821
346 17 10 397.894139
347 17 11 0.024179
348 17 12 0.150082
349 17 13 0.22829899999999997
350 17 14 0.0
351 17 15 153.710589
352 17 16 18.764937000000003
353 17 18 5.874706
354 17 19 194.000574
355 17 20 41.547428
356 17 21 0.0
357 17 22 29.795149
358 18 1 4.070525
359 18 2 0.027328
360 18 3 15.351474
361 18 4 0.10504
362 18 5 39.753875
363 18 6 28.72833
364 18 7 0.78482
365 18 8 0.7693
366 18 9 1.7067869999999998
367 18 10 151.187323
368 18 11 0.0
369 18 12 0.0
370 18 13 27.214078
371 18 14 0.0
372 18 15 4.944471
373 18 16 1.306927
374 18 17 0.226499
375 18 19 1735.568245
376 18 20 3.4305570000000003
377 18 21 0.028397000000000002
378 18 22 44.45166
379 19 1 337.978205
380 19 2 40.891266
381 19 3 149.168565
382 19 4 213.810399
383 19 5 547.24478
384 19 6 18.111866
385 19 7 48.936104
386 19 8 1.3079960000000002
387 19 9 22.75387
388 19 10 560.5213200000001
389 19 11 109.32010700000001
390 19 12 12.773102
391 19 13 65.00081499999999
392 19 14 0.125452
393 19 15 424.86704199999997
394 19 16 125.725243
395 19 17 72.443754
396 19 18 812.86847
397 19 20 58.768929
398 19 21 12.20241
399 19 22 206.665654
400 20 1 4866.079106
401 20 2 1.254689
402 20 3 39.464397
403 20 4 0.0
404 20 5 491.796758
405 20 6 2.261003
406 20 7 0.0
407 20 8 0.7358990000000001
408 20 9 7.439509
409 20 10 1572.601989
410 20 11 0.0
411 20 12 0.002249
412 20 13 8.140544
413 20 14 0.0
414 20 15 39.187740000000005
415 20 16 55.689648
416 20 17 0.0
417 20 18 3.537115
418 20 19 417.13068699999997
419 20 21 1.068225
420 20 22 5.320996
421 21 1 15.994815000000001
422 21 2 0.210305
423 21 3 0.88761
424 21 4 0.0
425 21 5 24.265816
426 21 6 0.68276
427 21 7 0.0
428 21 8 0.8048379999999999
429 21 9 0.27469
430 21 10 13.226213000000001
431 21 11 0.0
432 21 12 0.003486
433 21 13 0.0
434 21 14 0.0
435 21 15 14.393011
436 21 16 21.16455
437 21 17 0.0
438 21 18 0.497703
439 21 19 86.617352
440 21 20 1.182038
441 21 22 4.59685
442 22 1 4.35916
443 22 2 49.649961000000005
444 22 3 490.856346
445 22 4 18.704769
446 22 5 205.046137
447 22 6 22.562064999999997
448 22 7 60.917582
449 22 8 4.769087000000001
450 22 9 63.717112
451 22 10 10.872316
452 22 11 0.004049
453 22 12 1.98367
454 22 13 0.768006
455 22 14 0.087327
456 22 15 561.857825
457 22 16 126.069603
458 22 17 4.213409
459 22 18 712.1867219999999
460 22 19 1782.771021
461 22 20 28.146279999999997
462 22 21 0.9485650000000001
