1 1 2 165.10197
2 1 3 1893.4965
3 1 4 0.001584724
4 1 5 835.98047
5 1 6 2.0253491
6 1 7 -0.034918375
7 1 8 1406.7816
8 1 9 4857.0645
9 1 10 8861.677
10 1 11 0.33500186
11 1 12 3696.158
12 1 13 383.3231
13 1 14 0.30144802
14 1 15 97.60612
15 1 16 12.078187
16 1 17 0.022696469
17 1 18 1.7660536
18 1 19 6037.4077
19 1 20 12741.138
20 1 21 -2.6978552e-05
21 1 22 54.37409
22 2 1 163.3069
23 2 3 486.7825
24 2 4 7.4758363
25 2 5 560.1412
26 2 6 39.289024
27 2 7 59.63579
28 2 8 0.14044283
29 2 9 0.14517555
30 2 10 22.742731
31 2 11 0.17840233
32 2 12 1.3554424
33 2 13 0.10267997
34 2 14 0.24545547
35 2 15 363.07816
36 2 16 21.858505
37 2 17 1.4923973
38 2 18 0.32467416
39 2 19 1829.9491
40 2 20 5.648438
41 2 21 0.66721916
42 2 22 87.8464
43 3 1 121779.55
44 3 2 92.4726
45 3 4 54.912483
46 3 5 14491.235
47 3 6 19973.688
48 3 7 936.5624
49 3 8 126.50816
50 3 9 33.451298
51 3 10 2962.6594
52 3 11 3.0684857
53 3 12 10.539913
54 3 13 27.151731
55 3 14 0.30580267
56 3 15 4172.7593
57 3 16 95.04854
58 3 17 0.21045896
59 3 18 332.48032
60 3 19 84614.96
61 3 20 21.250916
62 3 21 24.3546
63 3 22 725.9564
64 4 1 4537.855
65 4 2 -2.5816014
66 4 3 12.342708
67 4 5 372.0289
68 4 6 -3.7204027
69 4 7 -1.3714472
70 4 8 0.34115967
71 4 9 8.83795
72 4 10 12.62505
73 4 11 0.23030674
74 4 12 0.044317942
75 4 13 0.12749574
76 4 14 0.9775558
77 4 15 355.77567
78 4 16 22.991419
79 4 17 1.3051054
80 4 18 0.2187883
81 4 19 165.63722
82 4 20 39.073868
83 4 21 0.0150948465
84 4 22 36.546925
85 5 1 5470.3975
86 5 2 554.2612
87 5 3 519.06036
88 5 4 519.9417
89 5 6 772.922
90 5 7 1367.6134
91 5 8 330.83737
92 5 9 125.44184
93 5 10 522.1142
94 5 11 469.59134
95 5 12 1011.28357
96 5 13 795.0643
97 5 14 0.035851747
98 5 15 568.6322
99 5 16 423.3674
100 5 17 2.1654825
101 5 18 556.9863
102 5 19 7966.316
103 5 20 1624.9623
104 5 21 93.39925
105 5 22 3167.544
106 6 1 442.42172
107 6 2 14.893697
108 6 3 814.07404
109 6 4 6.399224
110 6 5 1522.7426
111 6 7 5.256603
112 6 8 10.346429
113 6 9 12.483934
114 6 10 234.27213
115 6 11 1.3713633
116 6 12 4.1017346
117 6 13 77.29415
118 6 14 0.119862944
119 6 15 323.1529
120 6 16 42.336243
121 6 17 0.6279102
122 6 18 111.81247
123 6 19 80.99412
124 6 20 31.940935
125 6 21 1.8413621
126 6 22 293.74802
127 7 1 6.3992105
128 7 2 10.188218
129 7 3 487.37616
130 7 4 3.739609
131 7 5 357.71118
132 7 6 143.82718
133 7 8 4.9520864
134 7 9 0.60010314
135 7 10 6.5104184
136 7 11 2.8194036
137 7 12 2.359522
138 7 13 4.705143
139 7 14 0.4891424
140 7 15 4378.2554
141 7 16 122.90264
142 7 17 10.539599
143 7 18 1.169798
144 7 19 615.7776
145 7 20 4.264381
146 7 21 0.24193522
147 7 22 226.4118
148 8 1 1369.4757
149 8 2 5.7455177
150 8 3 5434.528
151 8 4 17.450758
152 8 5 7676.2056
153 8 6 22.542227
154 8 7 0.0052800924
155 8 9 12.852278
156 8 10 5372.8086
157 8 11 0.39155012
158 8 12 1.069777
159 8 13 98.96996
160 8 14 0.24450918
161 8 15 180.62042
162 8 16 46.78625
163 8 17 0.7204971
164 8 18 8.145228
165 8 19 898.8463
166 8 20 66.767586
167 8 21 2.9113111
168 8 22 1832.435
169 9 1 8675.081
170 9 2 0.18272224
171 9 3 110.587715
172 9 4 0.019682575
173 9 5 239.57523
174 9 6 1.3049043
175 9 7 0.047697566
176 9 8 0.11920255
177 9 10 1382.976
178 9 11 0.08898976
179 9 12 0.019893175
180 9 13 15.472638
181 9 14 0.7897617
182 9 15 35.409363
183 9 16 4.5618286
184 9 17 0.0051018237
185 9 18 0.35029668
186 9 19 550.0843
187 9 20 31.972395
188 9 21 2.9101884
189 9 22 11.160055
190 10 1 10337.636
191 10 2 1.2110915
192 10 3 248.25337
193 10 4 0.10202708
194 10 5 504.25244
195 10 6 2.7007017
196 10 7 0.08762117
197 10 8 0.73805106
198 10 9 5316.049
199 10 11 0.44853088
200 10 12 1.8948853
201 10 13 75.66514
202 10 14 0.24958777
203 10 15 84.41214
204 10 16 42.521233
205 10 17 0.20971291
206 10 18 2.301465
207 10 19 1055.2015
208 10 20 124.35102
209 10 21 0.11054182
210 10 22 348.18228
211 11 1 0.026604626
212 11 2 3.6745589
213 11 3 4.7771235
214 11 4 0.48955554
215 11 5 207.0269
216 11 6 111.974266
217 11 7 3.70356
218 11 8 0.67304605
219 11 9 0.24470243
220 11 10 3.4504907
221 11 12 0.4152257
222 11 13 -0.0036615573
223 11 14 0.67787486
224 11 15 52.070076
225 11 16 18.880594
226 11 17 2.810916
227 11 18 4.9172873
228 11 19 282.76385
229 11 20 1.8498186
230 11 21 0.35204154
231 11 22 25.58557
232 12 1 225.73412
233 12 2 0.8107275
234 12 3 180.8541
235 12 4 0.038904455
236 12 5 765.0307
237 12 6 4.0019584
238 12 7 1.3120123
239 12 8 0.24486905
240 12 9 0.009703556
241 12 10 178.06438
242 12 11 0.028706595
243 12 13 36.761345
244 12 14 0.0059941737
245 12 15 25.843256
246 12 16 4.404841
247 12 17 -0.0025017571
248 12 18 0.033332527
249 12 19 75.66122
250 12 20 0.15397628
251 12 21 0.010294886
252 12 22 36.12484
253 13 1 416.52823
254 13 2 86.33717
255 13 3 1518.3962
256 13 4 53.880512
257 13 5 754.8883
258 13 6 185.03928
259 13 7 5042.677
260 13 8 23.010443
261 13 9 0.73650753
262 13 10 87.74955
263 13 11 1.688192
264 13 12 2.9742415
265 13 14 0.14201294
266 13 15 7305.264
267 13 16 9.09172
268 13 17 0.11631729
269 13 18 99.21903
270 13 19 666.75275
271 13 20 15.178018
272 13 21 11.8512535
273 13 22 124.36959
274 14 1 0.7546495
275 14 2 0.27131078
276 14 3 104.58825
277 14 4 0.02936152
278 14 5 1234.9192
279 14 6 0.11148718
280 14 7 0.037692223
281 14 8 0.004899055
282 14 9 0.0017635844
283 14 10 196.37549
284 14 11 0.0044802832
285 14 12 0.008966332
286 14 13 0.21933216
287 14 15 1.6978755
288 14 16 0.12151384
289 14 17 0.09022842
290 14 18 0.014801114
291 14 19 36.692307
292 14 20 0.06964311
293 14 21 0.0072499914
294 14 22 39.71682
295 15 1 180.7112
296 15 2 572.63043
297 15 3 2087.6655
298 15 4 346.17792
299 15 5 1977.0593
300 15 6 39.452766
301 15 7 0.6389694
302 15 8 5.8808966
303 15 9 9.778262
304 15 10 453.40192
305 15 11 10.958247
306 15 12 3.5911186
307 15 13 0.44350997
308 15 14 0.054640945
309 15 16 0.027323434
310 15 17 481.50143
311 15 18 82.711235
312 15 19 1000.5048
313 15 20 295.31195
314 15 21 13.266014
315 15 22 406.61157
316 16 1 13438.143
317 16 2 716.17346
318 16 3 5406.3257
319 16 4 0.04080403
320 16 5 4110.172
321 16 6 662.6844
322 16 7 3.1758697
323 16 8 40.388622
324 16 9 168.63803
325 16 10 1796.1483
326 16 11 291.44962
327 16 12 115.22429
328 16 13 4.3291526
329 16 14 0.046179198
330 16 15 0.39733812
331 16 17 11.32463
332 16 18 327.5262
333 16 19 1410.184
334 16 20 467.2113
335 16 21 132.14352
336 16 22 4121.6865
337 17 1 41.72561
338 17 2 34.938686
339 17 3 60.494286
340 17 4 0.004480399
341 17 5 371.89468
342 17 6 33.30495
343 17 7 6.269311
344 17 8 1.7643352
345 17 9 2.9953685
346 17 10 56.61899
347 17 11 0.27498603
348 17 12 1.491359
349 17 13 0.65224445
350 17 14 0.20428959
351 17 15 199.98738
352 17 16 49.23839
353 17 18 9.261702
354 17 19 455.55133
355 17 20 60.98995
356 17 21 0.0035016304
357 17 22 91.55662
358 18 1 71.730896
359 18 2 0.2624218
360 18 3 1114.1953
361 18 4 11.125151
362 18 5 202.5093
363 18 6 53.265644
364 18 7 5.930968
365 18 8 0.12713946
366 18 9 0.53435045
367 18 10 1167.122
368 18 11 0.06592861
369 18 12 0.04534033
370 18 13 69.292305
371 18 14 2.8861432
372 18 15 18.736717
373 18 16 6.7408032
374 18 17 1.130079
375 18 19 2821.607
376 18 20 4.0302663
377 18 21 0.053000778
378 18 22 559.19214
379 19 1 414.60855
380 19 2 115.54141
381 19 3 961.487
382 19 4 502.72113
383 19 5 2663.3079
384 19 6 246.0739
385 19 7 439.56155
386 19 8 2.859264
387 19 9 43.487373
388 19 10 3577.9126
389 19 11 289.04938
390 19 12 40.116447
391 19 13 16.461674
392 19 14 0.20997949
393 19 15 2362.5532
394 19 16 333.09317
395 19 17 579.8481
396 19 18 2050.5322
397 19 20 289.235
398 19 21 146.53595
399 19 22 828.8874
400 20 1 9893.241
401 20 2 5.249298
402 20 3 2635.4094
403 20 4 0.00815499
404 20 5 267.0121
405 20 6 2.1742163
406 20 7 0.060130425
407 20 8 0.42684814
408 20 9 7.590531
409 20 10 3840.0476
410 20 11 0.039764937
411 20 12 0.2655518
412 20 13 25.85816
413 20 14 0.3023595
414 20 15 183.33844
415 20 16 29.290224
416 20 17 0.6110148
417 20 18 6.8193264
418 20 19 952.5768
419 20 21 11.582397
420 20 22 60.98538
421 21 1 239.18314
422 21 2 0.83552194
423 21 3 6.02453
424 21 4 -0.0002026353
425 21 5 29.99047
426 21 6 0.28647667
427 21 7 -0.0352502
428 21 8 0.3058847
429 21 9 0.62097406
430 21 10 100.86838
431 21 11 0.011627009
432 21 12 0.116321445
433 21 13 0.016243637
434 21 14 1.193203
435 21 15 7.918473
436 21 16 3.29544
437 21 17 -0.00039537624
438 21 18 0.39864835
439 21 19 16.559267
440 21 20 19.425589
441 21 22 4.424543
442 22 1 10.81078
443 22 2 136.83438
444 22 3 1032.9141
445 22 4 74.62315
446 22 5 2379.3352
447 22 6 420.31372
448 22 7 523.84814
449 22 8 36.721592
450 22 9 21.459892
451 22 10 116.652466
452 22 11 0.09524592
453 22 12 11.025048
454 22 13 1.6238236
455 22 14 0.013478951
456 22 15 5098.129
457 22 16 217.93839
458 22 17 22.72402
459 22 18 1945.6915
460 22 19 2857.5933
461 22 20 101.503334
462 22 21 3.0095563
