1 1 2 50.62049624498429
2 1 3 185.4881191850739
3 1 4 0.0016384319514207513
4 1 5 96.33447146648261
5 1 6 7.380891959735595
6 1 7 0.7114405584498384
7 1 8 311.19688784743255
8 1 9 1343.8903843721773
9 1 10 4018.5593782437454
10 1 11 0.3683103329245809
11 1 12 609.0027608435905
12 1 13 123.12034467958449
13 1 14 0.11494292701888097
14 1 15 21.02338255430963
15 1 16 3.805664654453305
16 1 17 0.03355990738060182
17 1 18 1.742666409733068
18 1 19 1947.7859285410264
19 1 20 4455.552272145694
20 1 21 0.01135632847946064
21 1 22 24.983506466736067
22 2 1 150.67923734638143
23 2 3 286.42869925250363
24 2 4 13.640288068461546
25 2 5 194.61426959051087
26 2 6 18.97720699635824
27 2 7 364.6019828674396
28 2 8 2.282083816728549
29 2 9 2.4215503111211434
30 2 10 19.754342062516415
31 2 11 4.395845965264909
32 2 12 7.1594558694785
33 2 13 47.173352825586896
34 2 14 4.390803841595077
35 2 15 145.47203161713446
36 2 16 296.25370560703243
37 2 17 24.131078331830395
38 2 18 9.086490147629636
39 2 19 489.2570676716838
40 2 20 4.538422798940945
41 2 21 65.27442404041325
42 2 22 78.33136945405012
43 3 1 584.3567062920524
44 3 2 85.48512614380591
45 3 4 23.90595248839232
46 3 5 4759.252310493319
47 3 6 272.05624669525326
48 3 7 578.5214420102407
49 3 8 8.008825041678664
50 3 9 83.8433156535088
51 3 10 108.9781954578647
52 3 11 4.010870174450841
53 3 12 7.089773862387521
54 3 13 138.1244059619208
55 3 14 0.6286044305833125
56 3 15 225.53197527917726
57 3 16 67.71851548839157
58 3 17 53.85484123624491
59 3 18 309.8824573224676
60 3 19 628.5274436373796
61 3 20 12.594648980876398
62 3 21 26.702703836576283
63 3 22 870.2812409181284
64 4 1 194.26786582399265
65 4 2 1.882820233256676
66 4 3 22.73407923682483
67 4 5 114.09078127608268
68 4 6 13.42463278225607
69 4 7 19.12518553034758
70 4 8 0.27329421145883703
71 4 9 11.13177939759196
72 4 10 63.02274142210647
73 4 11 1.298114515289196
74 4 12 0.4802509647652044
75 4 13 0.6306857132127344
76 4 14 0.07478535940143483
77 4 15 43.228110053468
78 4 16 45.78622086531105
79 4 17 0.5345455171436377
80 4 18 2.092596427353335
81 4 19 85.17242476588036
82 4 20 27.919614817139855
83 4 21 0.0842660344199121
84 4 22 116.57441573948059
85 5 1 918.7169535251262
86 5 2 877.9222083293404
87 5 3 196.74302044693107
88 5 4 151.36065753728568
89 5 6 5364.204689162628
90 5 7 104.86143218059742
91 5 8 94545.24778040154
92 5 9 130.62231594066
93 5 10 1586.6308120894757
94 5 11 46.76387475226613
95 5 12 751.7617771989793
96 5 13 173.46442970760984
97 5 14 3.490139756560863
98 5 15 362.5484362615883
99 5 16 5169.8753246991855
100 5 17 77.01411602423872
101 5 18 240.040374988544
102 5 19 1463.5178882752805
103 5 20 71472.78816379336
104 5 21 16.36513469248891
105 5 22 841.9397116182117
106 6 1 152.77610384582096
107 6 2 3.7162555358954887
108 6 3 114.43523925575262
109 6 4 3.6804308715735172
110 6 5 718.1852208710084
111 6 7 54.713983354294825
112 6 8 8.879723349685692
113 6 9 8.26931941071812
114 6 10 18.17403287277937
115 6 11 0.8673350689146453
116 6 12 3.940184072999283
117 6 13 42.798368026053645
118 6 14 0.09376556899208772
119 6 15 59.69746167601881
120 6 16 928.751964391606
121 6 17 241.21309518626907
122 6 18 24.2077836799429
123 6 19 27.55874706930897
124 6 20 8.947459367428918
125 6 21 2.410247773527533
126 6 22 66.4478887789636
127 7 1 17.853888811052666
128 7 2 17.65799108036183
129 7 3 51.35496808034369
130 7 4 14.873146827365721
131 7 5 259.9007731495711
132 7 6 27.52849034250211
133 7 8 17.557209029756855
134 7 9 0.7039800099389338
135 7 10 4.08923645284131
136 7 11 299.40822861435925
137 7 12 1.1871296547930745
138 7 13 13.180301613611837
139 7 14 0.18720332386305877
140 7 15 928.3339072259969
141 7 16 25.693900426799765
142 7 17 5.335034792867739
143 7 18 2.2927866833224346
144 7 19 99.5981022326622
145 7 20 3.8232091580641323
146 7 21 0.693591763263664
147 7 22 115.83610903419152
148 8 1 128.9054819604271
149 8 2 3.962244916484284
150 8 3 24.08033241706573
151 8 4 19.926965334437075
152 8 5 65693.50732556406
153 8 6 3.963896431280437
154 8 7 0.1916194569309259
155 8 9 5.277962648583407
156 8 10 86.29777454714541
157 8 11 0.45944934014439054
158 8 12 18.363605838741247
159 8 13 8.747427769972514
160 8 14 0.025511741757200727
161 8 15 198.79898175182458
162 8 16 435.069556607236
163 8 17 12.338784223341214
164 8 18 3.015823706761094
165 8 19 450.4103397141067
166 8 20 58.55299406391072
167 8 21 22.28484969487323
168 8 22 2270.509065674874
169 9 1 2502.026291495181
170 9 2 0.8780470456354256
171 9 3 3185.0399499005216
172 9 4 0.3839112353685388
173 9 5 23252.439748944103
174 9 6 0.2292927881914703
175 9 7 0.4726368056648293
176 9 8 1.9390863370638436
177 9 10 8917.299042634872
178 9 11 0.2756830437017602
179 9 12 0.11382712766837558
180 9 13 3.426342425961926
181 9 14 0.09272131327333401
182 9 15 16.908362404973268
183 9 16 0.9823199111035592
184 9 17 3.8659985786626705
185 9 18 0.30950218601555773
186 9 19 308.3813323505434
187 9 20 12.268370937830248
188 9 21 0.7995660645349
189 9 22 5.3463240780745265
190 10 1 5461.852352838081
191 10 2 5.615970799692062
192 10 3 69.6487629619554
193 10 4 105.94095494709569
194 10 5 44039.45705981485
195 10 6 4.906866763273342
196 10 7 0.36875713386514225
197 10 8 2.461606245231738
198 10 9 6151.089460537546
199 10 11 0.3419982165634926
200 10 12 0.18657976106001276
201 10 13 8.210025356609886
202 10 14 0.058713325726106325
203 10 15 110.68119141927761
204 10 16 1657.1807837027136
205 10 17 23.56275833327253
206 10 18 1.7421432252801679
207 10 19 448.11659538504364
208 10 20 21.749220320090718
209 10 21 12.19189386696118
210 10 22 32.014672529147305
211 11 1 5.773340880735882
212 11 2 39.996072180619954
213 11 3 30.745344892670808
214 11 4 2.6812129491500007
215 11 5 113.818377657968
216 11 6 16.012036761807686
217 11 7 22.715860051178556
218 11 8 0.8302640479780944
219 11 9 0.5585568119081122
220 11 10 6.017591840454478
221 11 12 2.1104253726589164
222 11 13 1.083807897618543
223 11 14 1.6649445894139794
224 11 15 12.034718887256716
225 11 16 9.46459051151303
226 11 17 6.644788250013213
227 11 18 5.216426857009675
228 11 19 63.81665147902285
229 11 20 1.8056919710268962
230 11 21 1.3856995908996312
231 11 22 4.897822600171259
232 12 1 15.743052680183816
233 12 2 0.7587865610115431
234 12 3 16.438566647769452
235 12 4 0.1949339439527774
236 12 5 363.008121344345
237 12 6 1.6874350610096298
238 12 7 5.967947050994909
239 12 8 5.64006573669168
240 12 9 0.19034008779937805
241 12 10 4.352353901057421
242 12 11 0.20651976300226363
243 12 13 9.770791404033869
244 12 14 0.002160154634475918
245 12 15 6.303155473318615
246 12 16 3.0717016883731145
247 12 17 0.15030560131753856
248 12 18 0.263452319631559
249 12 19 11.444541634522414
250 12 20 1.223863717600132
251 12 21 0.09358604433489666
252 12 22 15.942430731486187
253 13 1 89.35786561663221
254 13 2 16.90539431913547
255 13 3 3319.1079973274336
256 13 4 59.56241758779714
257 13 5 65584.03415286377
258 13 6 10708.413237124994
259 13 7 1388.756642923794
260 13 8 688.1314672586866
261 13 9 1.3472192627432924
262 13 10 45.4583426706851
263 13 11 15.113607781457924
264 13 12 5509.174454214499
265 13 14 0.14013930376567207
266 13 15 5051.938630058541
267 13 16 24429.373194961852
268 13 17 2463.6464315278727
269 13 18 8.28915393895794
270 13 19 2769.9768581490025
271 13 20 8422.406042562045
272 13 21 3.460309596055165
273 13 22 6065.164711470155
274 14 1 1.194074189132883
275 14 2 0.6620368962246844
276 14 3 6.293327926355763
277 14 4 0.1720616833546258
278 14 5 361.9253495111399
279 14 6 0.7346084779768189
280 14 7 0.5723548086607052
281 14 8 0.3924227262812864
282 14 9 0.020192567750135476
283 14 10 2.752427076169737
284 14 11 0.23508534944006698
285 14 12 0.05154186817698461
286 14 13 0.7857182439413639
287 14 15 0.4472951987354365
288 14 16 0.6573669821636761
289 14 17 0.15782596589406778
290 14 18 0.057335163805187994
291 14 19 13.895814171969976
292 14 20 0.5053346399416182
293 14 21 0.1728269205355327
294 14 22 34.54589143535622
295 15 1 20.870004422403643
296 15 2 47.435135157836406
297 15 3 427.53225186275137
298 15 4 59.13808152124828
299 15 5 504.34093440863353
300 15 6 15.297803128643034
301 15 7 11.613731006811289
302 15 8 9.545723894485098
303 15 9 16.53962131793671
304 15 10 56.12544358385019
305 15 11 73.82210877613636
306 15 12 25.551815812191204
307 15 13 3.9676652222254627
308 15 14 0.3647340491085134
309 15 16 0.07297261691668072
310 15 17 58.29045285084365
311 15 18 10.514669590334778
312 15 19 352.85283003067406
313 15 20 36.20587420135094
314 15 21 235.6726472339801
315 15 22 200.62945392961436
316 16 1 1980.8937604225061
317 16 2 131.72444466160246
318 16 3 571.0577739473733
319 16 4 204.3486223156272
320 16 5 9730.848775463466
321 16 6 267.3165694885461
322 16 7 1289.2541493929223
323 16 8 8993.059699858619
324 16 9 482.0877198867177
325 16 10 565.298828287983
326 16 11 57.0975718349867
327 16 12 11656.772624366396
328 16 13 5802.7728818037585
329 16 14 0.26525778239240116
330 16 15 293.0701456806054
331 16 17 271.4640198052283
332 16 18 53.680115911658504
333 16 19 50762.307506674995
334 16 20 84.99779907834434
335 16 21 52.35904951315745
336 16 22 65655.5316043767
337 17 1 15.08878073866511
338 17 2 4.172703657952255
339 17 3 29.373928384891776
340 17 4 0.3205264176077193
341 17 5 153.6756888152633
342 17 6 26.757796081606944
343 17 7 11.491667508738214
344 17 8 2.5670629309640445
345 17 9 9.996168068947181
346 17 10 27.3387369993241
347 17 11 1.9785793755146028
348 17 12 0.5034901860729627
349 17 13 1.4858313958245903
350 17 14 1.7384349378956239
351 17 15 88.6234743830384
352 17 16 20.61466998927996
353 17 18 3.1526524928887847
354 17 19 158.5204282741946
355 17 20 21.911665512984268
356 17 21 0.0758195073750387
357 17 22 24.224803424085447
358 18 1 6.737450036430106
359 18 2 0.746888922147387
360 18 3 12.973199201590726
361 18 4 0.5095580637822428
362 18 5 369.12617463553136
363 18 6 5.027465354529544
364 18 7 0.7893174923715109
365 18 8 0.17025389041116484
366 18 9 2.6995320797100204
367 18 10 16.570181561985013
368 18 11 0.295269989235783
369 18 12 0.1780433939154641
370 18 13 40.053116541321785
371 18 14 0.0029264048381537427
372 18 15 4.322145221200038
373 18 16 292.85730314828874
374 18 17 6.783775248336426
375 18 19 2046.346621871036
376 18 20 3.7839442639558736
377 18 21 0.18722621902575098
378 18 22 169.98709642227348
379 19 1 141.9163993696565
380 19 2 64.92409054526618
381 19 3 227.41749747094832
382 19 4 78.40207097107152
383 19 5 4478.804403014541
384 19 6 1415.4163125843443
385 19 7 178.61110171253
386 19 8 2.2288560221828653
387 19 9 42.64771766049917
388 19 10 440.02539670650117
389 19 11 336.57490054115914
390 19 12 7.978181998237995
391 19 13 15.164293715425591
392 19 14 1.018552546027609
393 19 15 439.733398009517
394 19 16 591.0574085550599
395 19 17 151.0424072514487
396 19 18 14210.462648846174
397 19 20 3296.254903650143
398 19 21 6.802744534907327
399 19 22 6272.67033584025
400 20 1 4171.062260491381
401 20 2 0.8450912003344866
402 20 3 37.897143948457774
403 20 4 0.5206360755793501
404 20 5 70578.58376704557
405 20 6 1.6667797400781645
406 20 7 0.10325012407530103
407 20 8 0.45600088061864913
408 20 9 4.744084379632365
409 20 10 3006.35643675441
410 20 11 0.3247701109299752
411 20 12 1.4495064727525941
412 20 13 4.884659436994581
413 20 14 0.013354335561642524
414 20 15 31.7367615387108
415 20 16 4902.8382727100925
416 20 17 2.4830432557418622
417 20 18 1.5077901971141363
418 20 19 197.08016905369502
419 20 21 2.935263555007909
420 20 22 12.027325864044135
421 21 1 33.38106122169592
422 21 2 11.497574164037824
423 21 3 9.551086157302365
424 21 4 0.21574812409889327
425 21 5 37.816190954199335
426 21 6 6.608233616123822
427 21 7 1.8503011340446984
428 21 8 0.35165154384676883
429 21 9 6.735903723017568
430 21 10 104.4437625710203
431 21 11 0.25460308827151956
432 21 12 0.35712360496215306
433 21 13 0.3214672659105426
434 21 14 0.020852974665976687
435 21 15 38.55519153346079
436 21 16 10.154883974380208
437 21 17 0.008410253734965156
438 21 18 13.951264833720604
439 21 19 24.56196784885898
440 21 20 16.94430500205294
441 21 22 1.9447305739218406
442 22 1 7.001280139364531
443 22 2 31.890031234401047
444 22 3 624.6945148786132
445 22 4 6.33523789154314
446 22 5 5440.791304109242
447 22 6 4076.8986621599074
448 22 7 281.35972045983317
449 22 8 14.478217069145527
450 22 9 1.3755901860016433
451 22 10 83.09287008432602
452 22 11 0.556632890679602
453 22 12 5.7916413359637815
454 22 13 4.601824096903205
455 22 14 6.674126455510317
456 22 15 304.9078772908981
457 22 16 4756.871207939932
458 22 17 14.900072888308861
459 22 18 2707.470353883024
460 22 19 28169.93115492249
461 22 20 21.38286101137319
462 22 21 2.0658491807622794
