1 1 2 40.766712999999996
2 1 3 115.49508800000001
3 1 4 0.0
4 1 5 134.20801
5 1 6 14.271495999999999
6 1 7 0.0
7 1 8 218.465617
8 1 9 1300.816984
9 1 10 3054.772179
10 1 11 0.233135
11 1 12 626.32613
12 1 13 49.521753
13 1 14 0.0
14 1 15 23.840988999999997
15 1 16 4.110899
16 1 17 0.031546
17 1 18 1.5464720000000003
18 1 19 1737.1187089999999
19 1 20 3519.3974820000003
20 1 21 0.0
21 1 22 102.73761900000001
22 2 1 24.34454
23 2 3 228.891963
24 2 4 0.585986
25 2 5 44.783818999999994
26 2 6 5.8620540000000005
27 2 7 5.67351
28 2 8 0.099417
29 2 9 1.634474
30 2 10 0.8643300000000002
31 2 11 0.398793
32 2 12 0.511367
33 2 13 0.088396
34 2 14 0.0
35 2 15 44.535951
36 2 16 4.062203
37 2 17 0.690013
38 2 18 0.099754
39 2 19 417.011926
40 2 20 3.928991
41 2 21 0.002924
42 2 22 213.68298000000001
43 3 1 5219.166765
44 3 2 87.196252
45 3 4 1.7393459999999998
46 3 5 9867.685633000001
47 3 6 44.858775
48 3 7 71.052031
49 3 8 8.331675
50 3 9 6.755006
51 3 10 116.842277
52 3 11 0.730894
53 3 12 22.238735
54 3 13 1.8203179999999999
55 3 14 0.0
56 3 15 121.769092
57 3 16 9.083262
58 3 17 0.09401899999999999
59 3 18 165.79452
60 3 19 5368.838712
61 3 20 7.408526
62 3 21 2.197799
63 3 22 254.35753000000005
64 4 1 249.421043
65 4 2 6.999386999999999
66 4 3 22.609637
67 4 5 203.687534
68 4 6 10.523681
69 4 7 2.668454
70 4 8 0.14372800000000002
71 4 9 4.557095
72 4 10 175.496663
73 4 11 0.0
74 4 12 8.472477000000001
75 4 13 0.0
76 4 14 0.0
77 4 15 307.140134
78 4 16 3.2702980000000004
79 4 17 0.003711
80 4 18 0.406327
81 4 19 10.867704
82 4 20 24.441201999999997
83 4 21 0.0
84 4 22 13.586487
85 5 1 1339.474968
86 5 2 37.539826000000005
87 5 3 310.722572
88 5 4 56.043005
89 5 6 191.756834
90 5 7 132.481767
91 5 8 164.462513
92 5 9 22.664181
93 5 10 104.727531
94 5 11 60.068096
95 5 12 212.665531
96 5 13 36.595084
97 5 14 0.496522
98 5 15 373.1133
99 5 16 139.687748
100 5 17 2.26702
101 5 18 101.25958
102 5 19 1150.205526
103 5 20 2256.134438
104 5 21 3.1103210000000003
105 5 22 494.84606700000006
106 6 1 55.587813
107 6 2 28.621602000000003
108 6 3 81.017392
109 6 4 3.572878
110 6 5 205.143643
111 6 7 43.534191
112 6 8 6.334396
113 6 9 2.156863
114 6 10 18.214601000000002
115 6 11 0.20709999999999998
116 6 12 1.72152
117 6 13 11.899154
118 6 14 0.0
119 6 15 23.179484999999996
120 6 16 7.2541709999999995
121 6 17 2.454157
122 6 18 189.59108600000002
123 6 19 10.188149
124 6 20 5.759712
125 6 21 2.358114
126 6 22 31.300629
127 7 1 7.231398
128 7 2 3.121792
129 7 3 12.925657000000001
130 7 4 2.34878
131 7 5 103.71565
132 7 6 43.454905
133 7 8 11.766898000000001
134 7 9 3.1656519999999997
135 7 10 0.45822899999999994
136 7 11 0.18595699999999998
137 7 12 0.9117900000000002
138 7 13 1.322784
139 7 14 0.0
140 7 15 293.967509
141 7 16 16.302119
142 7 17 1.043259
143 7 18 1.652637
144 7 19 120.624954
145 7 20 0.17561
146 7 21 0.045885
147 7 22 37.093742999999996
148 8 1 153.515748
149 8 2 0.9686400000000001
150 8 3 72.440043
151 8 4 3.0776499999999998
152 8 5 7448.918223000001
153 8 6 7.328958
154 8 7 0.0
155 8 9 2.702137
156 8 10 70.658637
157 8 11 0.097055
158 8 12 0.891772
159 8 13 11.291126
160 8 14 0.0
161 8 15 35.700163
162 8 16 7.606178
163 8 17 0.762102
164 8 18 4.146157
165 8 19 331.6973970000001
166 8 20 50.962004
167 8 21 0.510862
168 8 22 890.602743
169 9 1 3259.046487
170 9 2 11.434404
171 9 3 26.261521000000002
172 9 4 0.0
173 9 5 277.163582
174 9 6 0.027497
175 9 7 0.0
176 9 8 0.158741
177 9 10 920.6372130000001
178 9 11 0.00821
179 9 12 0.095986
180 9 13 4.359385
181 9 14 0.0
182 9 15 10.069558
183 9 16 2.3743090000000002
184 9 17 0.08952
185 9 18 0.5701849999999999
186 9 19 122.854411
187 9 20 7.415272999999999
188 9 21 1.580098
189 9 22 0.971901
190 10 1 5854.220663
191 10 2 0.5441499999999999
192 10 3 61.193059
193 10 4 0.0
194 10 5 575.377115
195 10 6 5.213313000000001
196 10 7 0.0
197 10 8 0.310847
198 10 9 884.0834019999999
199 10 11 0.23352900000000001
200 10 12 0.646659
201 10 13 6.32703
202 10 14 0.0
203 10 15 73.819621
204 10 16 17.210648
205 10 17 0.9998479999999998
206 10 18 9.485427999999999
207 10 19 328.935148
208 10 20 9.673465
209 10 21 142.195831
210 10 22 19.423685
211 11 1 0.151037
212 11 2 2.788621
213 11 3 1.161232
214 11 4 0.244887
215 11 5 39.362505999999996
216 11 6 5.202404
217 11 7 1.4061750000000002
218 11 8 1.064907
219 11 9 0.0
220 11 10 5.452127
221 11 12 0.17791600000000002
222 11 13 0.0
223 11 14 0.0
224 11 15 8.662202
225 11 16 18.614574
226 11 17 8.305021
227 11 18 0.07259499999999999
228 11 19 43.503377
229 11 20 0.42061
230 11 21 0.0
231 11 22 11.674286
232 12 1 48.772864999999996
233 12 2 0.280988
234 12 3 8.14971
235 12 4 0.21041700000000002
236 12 5 385.90602599999994
237 12 6 1.399428
238 12 7 0.7133499999999999
239 12 8 0.402391
240 12 9 0.0
241 12 10 1.3665319999999999
242 12 11 0.026146999999999997
243 12 13 7.96814
244 12 14 0.0
245 12 15 4.829929000000001
246 12 16 2.859192
247 12 17 0.00821
248 12 18 0.008547
249 12 19 7.323111000000001
250 12 20 0.411445
251 12 21 0.020805
252 12 22 25.751559000000004
253 13 1 92.81431900000001
254 13 2 16.900926
255 13 3 288.707356
256 13 4 0.818333
257 13 5 405.55238800000006
258 13 6 16.081468
259 13 7 6.53891
260 13 8 8.34978
261 13 9 0.786394
262 13 10 10.320012
263 13 11 8.331281
264 13 12 25.916710000000002
265 13 14 0.002249
266 13 15 409.972503
267 13 16 10.808999
268 13 17 0.02148
269 13 18 16.690509
270 13 19 36.667847
271 13 20 1.851976
272 13 21 0.121066
273 13 22 46.390065
274 14 1 0.082154
275 14 2 0.12011
276 14 3 2.3918530000000002
277 14 4 0.0
278 14 5 302.430034
279 14 6 0.21429700000000002
280 14 7 7.109994
281 14 8 0.005005
282 14 9 0.002924
283 14 10 0.64739
284 14 11 0.0
285 14 12 0.004217
286 14 13 0.332158
287 14 15 0.257764
288 14 16 0.414368
289 14 17 0.028341000000000005
290 14 18 0.173923
291 14 19 3.300494000000001
292 14 20 0.007085
293 14 21 0.002249
294 14 22 19.560721
295 15 1 13.105709000000001
296 15 2 30.363928999999995
297 15 3 498.43440899999996
298 15 4 14.157571
299 15 5 119.18706399999999
300 15 6 36.146247
301 15 7 8.79457
302 15 8 1.537531
303 15 9 5.926888
304 15 10 39.46361
305 15 11 1.9069710000000002
306 15 12 1.6196289999999998
307 15 13 0.174598
308 15 14 0.0
309 15 16 0.282731
310 15 17 69.81139999999999
311 15 18 15.675084999999997
312 15 19 360.322824
313 15 20 26.379662
314 15 21 8.595286999999999
315 15 22 76.668129
316 16 1 2001.595843
317 16 2 103.658687
318 16 3 2362.256673
319 16 4 0.0
320 16 5 1245.427723
321 16 6 264.228422
322 16 7 0.8667479999999999
323 16 8 4.138846
324 16 9 17.37653
325 16 10 399.968398
326 16 11 63.537565
327 16 12 107.6736
328 16 13 24.078679
329 16 14 0.0
330 16 15 0.163465
331 16 17 24.433441000000002
332 16 18 73.79459800000001
333 16 19 177.699579
334 16 20 57.41510399999999
335 16 21 11.503792999999998
336 16 22 3369.350079
337 17 1 2.378864
338 17 2 5.725918
339 17 3 4.928388999999999
340 17 4 0.0
341 17 5 95.786422
342 17 6 10.399017
343 17 7 1.9131560000000003
344 17 8 3.33429
345 17 9 1.525049
346 17 10 22.018928000000002
347 17 11 0.6767430000000001
348 17 12 0.921237
349 17 13 0.507431
350 17 14 0.0
351 17 15 98.062664
352 17 16 25.722093
353 17 18 3.6619479999999993
354 17 19 128.058391
355 17 20 39.483122
356 17 21 0.0
357 17 22 38.47737
358 18 1 6.138824
359 18 2 0.465145
360 18 3 9.444604
361 18 4 14.482363
362 18 5 54.906404
363 18 6 17.136479
364 18 7 0.9295030000000001
365 18 8 0.410376
366 18 9 0.7754289999999999
367 18 10 6.865724999999999
368 18 11 0.10414000000000001
369 18 12 0.002249
370 18 13 33.033621
371 18 14 0.0
372 18 15 3.5254200000000004
373 18 16 0.9389500000000001
374 18 17 1.698072
375 18 19 1636.0927700000002
376 18 20 0.8821559999999999
377 18 21 0.035820000000000005
378 18 22 149.156756
379 19 1 96.080287
380 19 2 89.134545
381 19 3 346.29042300000003
382 19 4 130.099698
383 19 5 741.895332
384 19 6 23.424596
385 19 7 178.695603
386 19 8 1.6920549999999999
387 19 9 14.851353
388 19 10 47.667752
389 19 11 212.010211
390 19 12 7.120285
391 19 13 5.575105999999999
392 19 14 0.0
393 19 15 357.193947
394 19 16 49.950516
395 19 17 30.048077
396 19 18 1040.577439
397 19 20 30.001517999999997
398 19 21 37.379848
399 19 22 371.370187
400 20 1 4790.877714
401 20 2 0.8102360000000001
402 20 3 71.536238
403 20 4 0.0
404 20 5 376.04829199999995
405 20 6 5.159613
406 20 7 0.0
407 20 8 0.400704
408 20 9 3.4193670000000007
409 20 10 731.492996
410 20 11 0.186575
411 20 12 0.015519999999999999
412 20 13 5.578873
413 20 14 0.0
414 20 15 163.56489399999998
415 20 16 6.9956200000000015
416 20 17 28.571331999999998
417 20 18 2.693309
418 20 19 190.196022
419 20 21 1.9874939999999999
420 20 22 9.862346
421 21 1 10.291278
422 21 2 0.34273
423 21 3 0.888229
424 21 4 0.0
425 21 5 9.514218
426 21 6 0.11117
427 21 7 0.0
428 21 8 0.186519
429 21 9 0.081985
430 21 10 35.777651
431 21 11 0.015295000000000001
432 21 12 0.084347
433 21 13 0.0
434 21 14 0.0
435 21 15 8.061482999999999
436 21 16 39.364924
437 21 17 0.0
438 21 18 0.189331
439 21 19 3.7502320000000005
440 21 20 2.799418
441 21 22 1.6154680000000001
442 22 1 3.922244
443 22 2 18.450322
444 22 3 359.235479
445 22 4 1.722926
446 22 5 672.39011
447 22 6 194.837126
448 22 7 102.99892600000001
449 22 8 20.135967
450 22 9 1.704426
451 22 10 7.267498
452 22 11 0.009672
453 22 12 11.167079999999999
454 22 13 1.4387889999999999
455 22 14 0.10408400000000001
456 22 15 511.3358869999999
457 22 16 72.565214
458 22 17 19.572305
459 22 18 560.292402
460 22 19 1690.877039
461 22 20 7.342566
462 22 21 0.9739260000000002
