1 1 2 42.82453624498429
2 1 3 163.5454411850739
3 1 4 0.0016384319514207513
4 1 5 167.30294246648262
5 1 6 15.496918959735595
6 1 7 0.7114405584498384
7 1 8 248.44532384743246
8 1 9 1270.8199323721774
9 1 10 3300.3555182437444
10 1 11 1.008165332924581
11 1 12 626.517370790096
12 1 13 49.954974679584495
13 1 14 0.11494292701888097
14 1 15 31.04531255430963
15 1 16 12.350005654453303
16 1 17 0.14017490738060182
17 1 18 1.5542914097330678
18 1 19 1849.8910025410264
19 1 20 3781.9596001456944
20 1 21 0.01135632847946064
21 1 22 125.89554661243565
22 2 1 154.03107034638145
23 2 3 277.78612225250373
24 2 4 11.011644068461546
25 2 5 131.49928159051086
26 2 6 44.17005199635824
27 2 7 347.82549686743954
28 2 8 2.277473816728549
29 2 9 9.264334311121143
30 2 10 12.874445062516418
31 2 11 2.63659496526491
32 2 12 1.8293508694784992
33 2 13 8.808333825586896
34 2 14 4.390803841595077
35 2 15 144.57148761713444
36 2 16 294.04392960703245
37 2 17 21.565527331830395
38 2 18 8.843009147629637
39 2 19 598.4893426716839
40 2 20 7.457107798940945
41 2 21 62.94656204041325
42 2 22 213.1262654540501
43 3 1 5684.845243292053
44 3 2 89.80475614380592
45 3 4 23.643519488392318
46 3 5 11163.74383949332
47 3 6 302.2867386952533
48 3 7 400.34693501024066
49 3 8 2.9234380416786645
50 3 9 79.8258726535088
51 3 10 108.90357645786472
52 3 11 1.8699771744508416
53 3 12 41.67880786238752
54 3 13 114.05590496192077
55 3 14 0.6286044305833125
56 3 15 125.14189927917727
57 3 16 72.40437948839158
58 3 17 53.35174123624491
59 3 18 350.46771232246755
60 3 19 5718.359818637379
61 3 20 16.949254980876397
62 3 21 29.120648836576287
63 3 22 614.9000779181285
64 4 1 166.0874305942702
65 4 2 11.35837980604089
66 4 3 54.415224236824834
67 4 5 148.50353027608267
68 4 6 17.53429578225607
69 4 7 14.22013253034758
70 4 8 0.9051652114588371
71 4 9 13.432032397591957
72 4 10 32.330871422106476
73 4 11 0.2916865152891958
74 4 12 5.323843964765204
75 4 13 0.6834867132127345
76 4 14 0.07478535940143483
77 4 15 58.33964505346799
78 4 16 46.40521386531105
79 4 17 0.7875865171436377
80 4 18 2.318534427353335
81 4 19 89.55672076588036
82 4 20 35.672613817139855
83 4 21 0.0842660344199121
84 4 22 23.8618757394806
85 5 1 1330.5394658784203
86 5 2 863.9590853293404
87 5 3 319.70271607878004
88 5 4 42.47068655257038
89 5 6 5423.121900162628
90 5 7 145.76799318059741
91 5 8 94468.54433840154
92 5 9 27.86687094066
93 5 10 1353.8836330894756
94 5 11 31.69066882445303
95 5 12 787.4975921989793
96 5 13 48.09389501138442
97 5 14 5.2141347565608624
98 5 15 435.7031232615882
99 5 16 5241.2875736991855
100 5 17 8.651345024238726
101 5 18 138.89381919980107
102 5 19 1306.2468472752803
103 5 20 71190.70440179335
104 5 21 5.266523422214033
105 5 22 551.604581096533
106 6 1 62.455353026061466
107 6 2 21.44063253589549
108 6 3 176.92144925575263
109 6 4 3.6561388715735177
110 6 5 693.5000318710084
111 6 7 54.985749354294825
112 6 8 5.610775349685692
113 6 9 4.06535641071812
114 6 10 66.31637687277937
115 6 11 0.42563906891464526
116 6 12 3.791902072999283
117 6 13 65.40333802605365
118 6 14 0.09787056899208774
119 6 15 48.328848676018815
120 6 16 930.2516533916059
121 6 17 240.91962418626906
122 6 18 114.71844658395574
123 6 19 16.393916069308972
124 6 20 7.499110367428919
125 6 21 2.5926617735275337
126 6 22 58.88242177896361
127 7 1 17.242205811052667
128 7 2 7.939991080361829
129 7 3 39.767559080343695
130 7 4 6.7113468273657215
131 7 5 212.09694114957105
132 7 6 24.02831834250211
133 7 8 12.370211029756854
134 7 9 4.880839009938934
135 7 10 2.9462794528413103
136 7 11 2.472367014047111
137 7 12 1.2704076547930745
138 7 13 6.459203613611837
139 7 14 0.18720332386305877
140 7 15 292.77748527713925
141 7 16 34.46204242679976
142 7 17 4.80314279286774
143 7 18 1.6831836833224345
144 7 19 126.7842892326622
145 7 20 2.1402071580641326
146 7 21 0.46737376326366403
147 7 22 141.90829903419154
148 8 1 172.97527596042707
149 8 2 3.797431916484284
150 8 3 87.73047241706573
151 8 4 2.000821133014427
152 8 5 66502.95833956407
153 8 6 8.16181350899696
154 8 7 0.1916194569309259
155 8 9 3.905300648583406
156 8 10 80.92650754714539
157 8 11 0.3596953401443906
158 8 12 1.7088697136081021
159 8 13 8.202433769972515
160 8 14 0.025511741757200727
161 8 15 208.0718557518246
162 8 16 437.187001607236
163 8 17 1.0496262233412135
164 8 18 2.4829757067610942
165 8 19 385.0554927141067
166 8 20 46.631889295150806
167 8 21 0.9629219561691181
168 8 22 2488.8580026748737
169 9 1 3026.0080340577415
170 9 2 9.9394457548346
171 9 3 3187.3657299005213
172 9 4 0.3839112353685388
173 9 5 23325.3392019441
174 9 6 0.8656627881914704
175 9 7 0.4726368056648293
176 9 8 0.19574833706384354
177 9 10 9069.933927634873
178 9 11 0.1817770437017602
179 9 12 0.11483912766837558
180 9 13 4.638126425961927
181 9 14 0.09272131327333401
182 9 15 17.778034404973265
183 9 16 1.1119329111035592
184 9 17 0.2670845786626707
185 9 18 0.6815281860155576
186 9 19 343.9717323505434
187 9 20 7.42663393783025
188 9 21 0.35545206453489997
189 9 22 4.328032078074527
190 10 1 5558.38086710179
191 10 2 1.0437507996920623
192 10 3 71.28583542232808
193 10 4 105.94095494709569
194 10 5 44048.26124581485
195 10 6 4.635325763273341
196 10 7 0.36875713386514225
197 10 8 0.7936172452317383
198 10 9 6223.599342537546
199 10 11 0.31157721656349263
200 10 12 0.6701687610600127
201 10 13 5.969939356609886
202 10 14 0.058713325726106325
203 10 15 54.19522650420694
204 10 16 1676.1985907027138
205 10 17 0.7134073332725326
206 10 18 2.301757225280168
207 10 19 312.44021738504364
208 10 20 13.039671320090719
209 10 21 5.80559686696118
210 10 22 25.14962152914731
211 11 1 5.7121608807358815
212 11 2 11.490925180619959
213 11 3 2.256054892670811
214 11 4 2.3220079491500005
215 11 5 102.541983657968
216 11 6 6.410828761807688
217 11 7 5.353219051178555
218 11 8 1.0270160479780945
219 11 9 0.3199806956491504
220 11 10 2.7466748404544776
221 11 12 0.3219893726589162
222 11 13 0.8111418976185428
223 11 14 1.6649445894139794
224 11 15 9.156970887256715
225 11 16 7.354849511513031
226 11 17 6.077190250013214
227 11 18 19.036384857009676
228 11 19 60.68091447902286
229 11 20 0.20534997102689606
230 11 21 0.20658559089963144
231 11 22 1.666716600171259
232 12 1 64.85555468018381
233 12 2 8.57941114938934
234 12 3 8.495618647769447
235 12 4 0.18126894395277743
236 12 5 473.808122344345
237 12 6 2.26757406100963
238 12 7 2.066902050994908
239 12 8 1.4426194810178403
240 12 9 0.21738708779937807
241 12 10 4.063381901057421
242 12 11 0.10997076300226362
243 12 13 15.869635404033868
244 12 14 0.002160154634475918
245 12 15 6.781402473318614
246 12 16 5.321064688373114
247 12 17 0.10025960131753855
248 12 18 0.294941319631559
249 12 19 17.583646634522417
250 12 20 0.35441571760013185
251 12 21 0.08256504433489666
252 12 22 30.001878731486187
253 13 1 111.62972161663222
254 13 2 16.673946319135474
255 13 3 3583.5932283274337
256 13 4 1.5986190474297879
257 13 5 65584.73614386376
258 13 6 10713.960227124993
259 13 7 1383.274993923794
260 13 8 690.2895112586866
261 13 9 1.6945032627432923
262 13 10 50.6489386706851
263 13 11 7.706418994818114
264 13 12 5532.540176214498
265 13 14 0.060291303765672065
266 13 15 4960.710877058541
267 13 16 24433.140408961855
268 13 17 2462.5922085278726
269 13 18 20.67009793895794
270 13 19 2790.9907071490024
271 13 20 8400.175403562045
272 13 21 2.828663596055165
273 13 22 5954.271591470155
274 14 1 0.410716189132883
275 14 2 0.11209389622468448
276 14 3 3.1718739263557643
277 14 4 0.03193368335462579
278 14 5 315.48917551114005
279 14 6 0.2769414779768189
280 14 7 6.764035808660704
281 14 8 0.1676107262812864
282 14 9 0.020192567750135476
283 14 10 1.6279140761697373
284 14 11 0.13729834944006702
285 14 12 0.023875868176984612
286 14 13 1.020033243941364
287 14 15 0.7471761987354365
288 14 16 0.6664759821636761
289 14 17 0.21372096589406775
290 14 18 0.060203163805188
291 14 19 10.030476171969974
292 14 20 0.25454263994161824
293 14 21 0.013130920535532697
294 14 22 20.516470435356215
295 15 1 18.521505422403646
296 15 2 36.21834615783641
297 15 3 495.59975186275136
298 15 4 26.005156521248278
299 15 5 201.85455640863353
300 15 6 12.150707128643035
301 15 7 8.644888006811287
302 15 8 3.6193988944850988
303 15 9 10.34659131793671
304 15 10 100.0867675838502
305 15 11 2.400583457960257
306 15 12 4.679106812191205
307 15 13 2.6033822222254632
308 15 14 0.3681080491085134
309 15 16 0.39567644372053606
310 15 17 80.88535785084365
311 15 18 21.109090590334777
312 15 19 508.6100130306741
313 15 20 77.12474920135094
314 15 21 212.8246462339801
315 15 22 148.0278009296144
316 16 1 2015.6516574225059
317 16 2 145.04996266160245
318 16 3 917.5862239473734
319 16 4 204.3486223156272
320 16 5 9065.146530463466
321 16 6 303.7547694885462
322 16 7 1287.6167513929222
323 16 8 8990.67032085862
324 16 9 467.75881188671775
325 16 10 650.2277812879832
326 16 11 98.89703489237756
327 16 12 11724.919522366397
328 16 13 5823.820132803759
329 16 14 0.18540978239240116
330 16 15 292.66730468060535
331 16 17 269.61451780522833
332 16 18 76.87138795228027
333 16 19 50655.85699367499
334 16 20 67.3019693726748
335 16 21 16.993180513157455
336 16 22 66916.6522933767
337 17 1 3.7087015174608213
338 17 2 19.847000657952258
339 17 3 17.262107384891774
340 17 4 0.3205264176077193
341 17 5 201.90952081526325
342 17 6 14.822766081606938
343 17 7 7.099331508738215
344 17 8 3.5850189309640443
345 17 9 9.10422706894718
346 17 10 15.347248999324103
347 17 11 1.7191833755146029
348 17 12 0.8116371860729628
349 17 13 0.8495743958245905
350 17 14 1.7384349378956239
351 17 15 140.8896513830384
352 17 16 23.808268989279963
353 17 18 4.291448492888785
354 17 19 163.8662232741946
355 17 20 33.23473151298427
356 17 21 0.0758195073750387
357 17 22 94.33153142408544
358 18 1 7.3087600364301055
359 18 2 0.33386992214738703
360 18 3 10.035677201590726
361 18 4 20.50966411646012
362 18 5 365.02601563553134
363 18 6 11.948635354529543
364 18 7 1.4999114923715111
365 18 8 0.08118389041116483
366 18 9 0.8303657448827575
367 18 10 6.702944561985011
368 18 11 0.485892989235783
369 18 12 0.2095323939154641
370 18 13 32.60196854132178
371 18 14 0.0029264048381537427
372 18 15 4.151289493437936
373 18 16 295.25016814828876
374 18 17 1.063537248336427
375 18 19 2121.1166078710357
376 18 20 2.6314282639558737
377 18 21 0.10692721902575097
378 18 22 145.38484742227348
379 19 1 79.50268255960576
380 19 2 80.39261788856446
381 19 3 315.8842394709483
382 19 4 95.73527229170101
383 19 5 4671.76098601454
384 19 6 1372.1938115843443
385 19 7 138.02604593834116
386 19 8 1.8613290221828651
387 19 9 25.340239660499165
388 19 10 401.01574170650116
389 19 11 247.62069000620448
390 19 12 19.10404399823799
391 19 13 8.331408715425592
392 19 14 1.018552546027609
393 19 15 449.7241200095169
394 19 16 594.6960215550599
395 19 17 59.513206000604185
396 19 18 14129.921646846175
397 19 20 3258.1942076501427
398 19 21 6.037493237548431
399 19 22 6323.63931284025
400 20 1 4378.55617709658
401 20 2 11.831027382358249
402 20 3 78.17059694845777
403 20 4 0.5206360755793501
404 20 5 70324.83775304558
405 20 6 4.148658740078164
406 20 7 0.10325012407530103
407 20 8 0.5835888806186491
408 20 9 28.10407137963237
409 20 10 3016.62539075441
410 20 11 0.18970311092997516
411 20 12 0.2256884727525939
412 20 13 6.250404436994581
413 20 14 0.013354335561642524
414 20 15 168.56397568799412
415 20 16 4905.185197710093
416 20 17 1.9352942557418626
417 20 18 2.2641011971141367
418 20 19 311.74534005369503
419 20 21 1.477806555007909
420 20 22 7.790355864044136
421 21 1 13.105191221695923
422 21 2 0.7378228011063819
423 21 3 3.0260661573023646
424 21 4 0.21574812409889327
425 21 5 56.34714895419934
426 21 6 6.6096956161238225
427 21 7 1.8503011340446984
428 21 8 0.6849905438467688
429 21 9 6.375348723017568
430 21 10 67.88669157102031
431 21 11 0.10637708827151955
432 21 12 0.10706260496215303
433 21 13 0.3214672659105426
434 21 14 0.020852974665976687
435 21 15 41.025319533460795
436 21 16 13.078515974380208
437 21 17 0.008410253734965156
438 21 18 13.771436833720603
439 21 19 24.935230848858982
440 21 20 5.7360080020529365
441 21 22 7.151689573921841
442 22 1 2.71775113936453
443 22 2 39.047316234401045
444 22 3 498.7580118786131
445 22 4 2.5297868915431394
446 22 5 5524.610026109243
447 22 6 4120.849695159907
448 22 7 280.4522044598331
449 22 8 23.17287669010775
450 22 9 9.785314186001644
451 22 10 11.097522779904034
452 22 11 0.4357348906796019
453 22 12 8.934069335963784
454 22 13 4.487393096903206
455 22 14 7.4978024555103175
456 22 15 415.2319942908981
457 22 16 4926.159769939932
458 22 17 16.831424234626457
459 22 18 2567.154726883024
460 22 19 28030.490824922486
461 22 20 7.991441011373192
462 22 21 4.5438878524131665
