1 1 2 33.313203
2 1 3 134.315975
3 1 4 0.0
4 1 5 61.965902
5 1 6 3.727346
6 1 7 0.0
7 1 8 279.97464
8 1 9 1290.339299
9 1 10 3959.44258
10 1 11 0.30797800000000003
11 1 12 587.853484
12 1 13 107.05871099999999
13 1 14 0.0
14 1 15 19.703211
15 1 16 2.864252
16 1 17 0.164195
17 1 18 0.567823
18 1 19 1750.0733260000002
19 1 20 4299.407379
20 1 21 0.0
21 1 22 15.430591
22 2 1 22.425029999999996
23 2 3 253.49730300000002
24 2 4 3.074726
25 2 5 112.16642199999998
26 2 6 8.164893
27 2 7 64.49422799999999
28 2 8 0.11268699999999998
29 2 9 1.87177
30 2 10 97.619505
31 2 11 3.10436
32 2 12 4.3493759999999995
33 2 13 33.754337
34 2 14 0.0
35 2 15 55.325438000000005
36 2 16 7.381646999999999
37 2 17 1.1291229999999999
38 2 18 0.33665599999999996
39 2 19 327.517109
40 2 20 1.337742
41 2 21 3.455974
42 2 22 19.300652
43 3 1 522.736608
44 3 2 64.730624
45 3 4 8.642071
46 3 5 5856.144109000001
47 3 6 78.762855
48 3 7 162.968224
49 3 8 1.437496
50 3 9 0.639012
51 3 10 147.183264
52 3 11 17.186638000000002
53 3 12 1.715503
54 3 13 9.340913
55 3 14 0.0
56 3 15 216.621794
57 3 16 5.840517
58 3 17 1.3072650000000001
59 3 18 163.41959200000002
60 3 19 403.769069
61 3 20 9.829282
62 3 21 1.327508
63 3 22 313.84717500000005
64 4 1 134.533477
65 4 2 1.388969
66 4 3 73.502421
67 4 5 89.63759
68 4 6 4.295619
69 4 7 3.463284
70 4 8 0.16307
71 4 9 0.028115000000000005
72 4 10 55.318241
73 4 11 0.914714
74 4 12 0.114768
75 4 13 0.149969
76 4 14 0.0
77 4 15 22.836979
78 4 16 5.992903999999999
79 4 17 0.0
80 4 18 1.899211
81 4 19 11.912931
82 4 20 21.023353
83 4 21 0.0
84 4 22 54.029983
85 5 1 1083.3833789999999
86 5 2 73.697881
87 5 3 232.70303699999997
88 5 4 136.649404
89 5 6 148.74728
90 5 7 77.936087
91 5 8 205.29951599999998
92 5 9 50.131243
93 5 10 213.36364200000003
94 5 11 75.800481
95 5 12 199.08365600000002
96 5 13 98.31295
97 5 14 0.0
98 5 15 324.01727400000004
99 5 16 89.95664500000001
100 5 17 48.428224
101 5 18 226.01005400000003
102 5 19 1361.165337
103 5 20 2477.105608
104 5 21 9.120655
105 5 22 620.2115980000001
106 6 1 164.37783000000002
107 6 2 4.384914
108 6 3 88.57257
109 6 4 1.612937
110 6 5 235.367612
111 6 7 56.640406
112 6 8 15.500824
113 6 9 4.130412
114 6 10 14.497377
115 6 11 0.793142
116 6 12 1.984458
117 6 13 19.934041
118 6 14 0.0
119 6 15 70.941705
120 6 16 7.146713
121 6 17 1.8550689999999999
122 6 18 18.954998
123 6 19 31.408762000000003
124 6 20 5.939596
125 6 21 3.8339039999999995
126 6 22 121.03426200000001
127 7 1 17.884861
128 7 2 11.346119999999999
129 7 3 21.167811
130 7 4 4.759809
131 7 5 469.435213
132 7 6 12.927343
133 7 8 15.098545
134 7 9 0.6952440000000001
135 7 10 1.5603060000000002
136 7 11 827.242587
137 7 12 1.8655289999999998
138 7 13 4.762845
139 7 14 0.0
140 7 15 215.513195
141 7 16 8.156345
142 7 17 3.5811450000000002
143 7 18 0.7578290000000001
144 7 19 110.32698400000001
145 7 20 1.58291
146 7 21 0.7436020000000001
147 7 22 29.594291
148 8 1 134.709256
149 8 2 1.477083
150 8 3 22.669636
151 8 4 11.782025
152 8 5 6986.719412
153 8 6 5.7567319999999995
154 8 7 0.0
155 8 9 5.241935
156 8 10 29.281309
157 8 11 0.570635
158 8 12 23.431569
159 8 13 2.18093
160 8 14 0.0
161 8 15 32.115308
162 8 16 11.394929
163 8 17 13.905093
164 8 18 1.404657
165 8 19 505.946119
166 8 20 22.161474
167 8 21 1.602198
168 8 22 695.580784
169 9 1 2597.766156
170 9 2 0.7215590000000001
171 9 3 24.056243
172 9 4 0.0
173 9 5 161.618336
174 9 6 0.395474
175 9 7 0.0
176 9 8 0.291222
177 9 10 795.102538
178 9 11 0.253828
179 9 12 1.4530729999999998
180 9 13 3.3199509999999997
181 9 14 0.0
182 9 15 10.031996
183 9 16 0.431463
184 9 17 3.2999320000000005
185 9 18 7.800795
186 9 19 105.162706
187 9 20 5.059183
188 9 21 0.557139
189 9 22 2.026856
190 10 1 5556.925555
191 10 2 8.425693
192 10 3 68.531408
193 10 4 0.0
194 10 5 568.796201
195 10 6 3.418074
196 10 7 0.0
197 10 8 0.5389200000000001
198 10 9 789.059307
199 10 11 0.37748
200 10 12 0.348184
201 10 13 7.634857
202 10 14 0.0
203 10 15 81.790235
204 10 16 4.507668
205 10 17 52.653554
206 10 18 1.1245129999999999
207 10 19 485.87948500000005
208 10 20 16.215973
209 10 21 45.296986
210 10 22 32.905469
211 11 1 0.012596
212 11 2 44.244843
213 11 3 2.027362
214 11 4 21.587802
215 11 5 76.152994
216 11 6 17.165214
217 11 7 14.520432
218 11 8 0.6822539999999999
219 11 9 1.185411
220 11 10 27.862256000000002
221 11 12 0.172742
222 11 13 0.0
223 11 14 0.0
224 11 15 12.875161
225 11 16 13.723298
226 11 17 2.4803610000000003
227 11 18 1.683339
228 11 19 51.087682
229 11 20 1.688682
230 11 21 0.341774
231 11 22 3.909478
232 12 1 13.638781
233 12 2 0.847686
234 12 3 10.677980999999999
235 12 4 0.110719
236 12 5 429.19325000000003
237 12 6 1.9232779999999996
238 12 7 103.49010599999998
239 12 8 16.547457
240 12 9 7.1331050000000005
241 12 10 1.5738569999999998
242 12 11 0.183201
243 12 13 6.673527000000001
244 12 14 0.0
245 12 15 117.86821599999999
246 12 16 1.092798
247 12 17 0.118872
248 12 18 0.399242
249 12 19 7.759465000000001
250 12 20 0.573728
251 12 21 0.008378
252 12 22 21.128731000000002
253 13 1 108.31609800000001
254 13 2 22.276241
255 13 3 79.73087699999999
256 13 4 8.003003
257 13 5 359.00611200000003
258 13 6 9.768777
259 13 7 18.412198
260 13 8 5.267127
261 13 9 0.141365
262 13 10 97.47639699999999
263 13 11 17.707338999999997
264 13 12 2.216637
265 13 14 0.079848
266 13 15 368.626045
267 13 16 5.3888110000000005
268 13 17 0.431069
269 13 18 1.345277
270 13 19 11.924347000000001
271 13 20 23.526544
272 13 21 1.9939610000000003
273 13 22 135.745374
274 14 1 0.448894
275 14 2 0.728813
276 14 3 4.333913
277 14 4 0.14760700000000002
278 14 5 369.14528400000006
279 14 6 0.836047
280 14 7 0.7035089999999999
281 14 8 0.012877
282 14 9 0.0
283 14 10 0.537121
284 14 11 0.36269199999999996
285 14 12 0.009446
286 14 13 0.43011299999999997
287 14 15 0.358306
288 14 16 0.075182
289 14 17 0.562144
290 14 18 0.026316
291 14 19 8.607376
292 14 20 0.372813
293 14 21 0.013496
294 14 22 46.645917
295 15 1 16.333327
296 15 2 114.29370700000001
297 15 3 476.29666499999996
298 15 4 82.482723
299 15 5 299.015841
300 15 6 10.443552
301 15 7 4.574864
302 15 8 11.085263
303 15 9 16.149564
304 15 10 47.930971
305 15 11 75.17457
306 15 12 20.167063
307 15 13 0.6291720000000002
308 15 14 0.0
309 15 16 0.084122
310 15 17 36.380674
311 15 18 17.100265999999998
312 15 19 153.60881
313 15 20 36.069378
314 15 21 5.20263
315 15 22 195.442512
316 16 1 2009.370435
317 16 2 128.37677200000002
318 16 3 400.05162
319 16 4 0.0
320 16 5 2090.1213470000002
321 16 6 325.195881
322 16 7 1.407019
323 16 8 6.74719
324 16 9 18.244571999999998
325 16 10 482.50560899999994
326 16 11 75.06655
327 16 12 26.655814
328 16 13 6.394508
329 16 14 0.005173
330 16 15 0.7865630000000001
331 16 17 47.397785999999996
332 16 18 41.13053
333 16 19 320.0
334 16 20 80.99883700000001
335 16 21 44.948464
336 16 22 1637.6803479999996
337 17 1 34.813677
338 17 2 2.39444
339 17 3 44.508904
340 17 4 0.0
341 17 5 99.48660799999999
342 17 6 33.074895
343 17 7 12.559702999999999
344 17 8 0.9076850000000001
345 17 9 2.044344
346 17 10 26.115544
347 17 11 0.617982
348 17 12 0.43894099999999997
349 17 13 1.279374
350 17 14 0.0
351 17 15 63.580638
352 17 16 14.829872000000002
353 17 18 1.592301
354 17 19 119.51995399999998
355 17 20 14.348645
356 17 21 0.0
357 17 22 9.067516999999999
358 18 1 9.190101
359 18 2 1.7066189999999999
360 18 3 12.565327
361 18 4 28.942796
362 18 5 54.131198
363 18 6 7.503894
364 18 7 2.684087
365 18 8 0.25900100000000004
366 18 9 0.338793
367 18 10 5.758588
368 18 11 0.046222000000000006
369 18 12 0.008491
370 18 13 37.744507
371 18 14 0.0
372 18 15 3.252866
373 18 16 3.200684
374 18 17 2.4565189999999997
375 18 19 1625.656697
376 18 20 1.774378
377 18 21 0.44490199999999996
378 18 22 154.62429
379 19 1 76.65058400000001
380 19 2 62.278547
381 19 3 427.49203
382 19 4 191.039491
383 19 5 803.1433850000001
384 19 6 59.541321999999994
385 19 7 125.87228699999999
386 19 8 4.825712
387 19 9 54.173653
388 19 10 74.768524
389 19 11 406.634784
390 19 12 7.94008
391 19 13 16.766364
392 19 14 0.0
393 19 15 398.134134
394 19 16 48.073798
395 19 17 50.09863
396 19 18 1281.056866
397 19 20 50.824518999999995
398 19 21 134.094649
399 19 22 389.57657800000004
400 20 1 4242.784179
401 20 2 20.805849999999996
402 20 3 39.662611999999996
403 20 4 0.0
404 20 5 848.825272
405 20 6 0.530992
406 20 7 0.0
407 20 8 0.09407499999999999
408 20 9 3.9814549999999995
409 20 10 1051.72287
410 20 11 0.12753199999999998
411 20 12 1.35388
412 20 13 5.564420999999999
413 20 14 0.0
414 20 15 32.766522
415 20 16 6.856334
416 20 17 2.561166
417 20 18 2.774844
418 20 19 218.67626
419 20 21 1.562048
420 20 22 8.73817
421 21 1 41.360459
422 21 2 3.4295450000000005
423 21 3 7.243094
424 21 4 0.0
425 21 5 22.55155
426 21 6 0.110719
427 21 7 0.0
428 21 8 0.340762
429 21 9 1.0972410000000001
430 21 10 35.261673
431 21 11 0.171393
432 21 12 0.09042
433 21 13 0.0
434 21 14 0.0
435 21 15 4.529316
436 21 16 1.6222159999999999
437 21 17 0.0
438 21 18 3.988259
439 21 19 7.4626199999999985
440 21 20 2.191783
441 21 22 1.081159
442 22 1 3.405478
443 22 2 19.751458
444 22 3 462.069142
445 22 4 3.510068
446 22 5 803.7248719999999
447 22 6 53.628547999999995
448 22 7 467.60449099999994
449 22 8 14.764363
450 22 9 1.2395619999999998
451 22 10 58.811608
452 22 11 0.276714
453 22 12 2.597716
454 22 13 1.472585
455 22 14 0.103409
456 22 15 260.940524
457 22 16 38.423444
458 22 17 11.984121
459 22 18 628.2392859999999
460 22 19 1829.5168039999999
461 22 20 20.005454
462 22 21 2.145391
