1 1 2 88.43433724498428
2 1 3 324.38064518507394
3 1 4 0.0016384319514207513
4 1 5 87.34044946648261
5 1 6 14.283954959735594
6 1 7 0.7114405584498384
7 1 8 322.20365284743247
8 1 9 1479.3452673721777
9 1 10 2750.6846952437454
10 1 11 0.1702633329245809
11 1 12 555.2067287627078
12 1 13 56.557930679584494
13 1 14 0.11494292701888097
14 1 15 38.75169455430963
15 1 16 16.498635654453306
16 1 17 0.027936907380601825
17 1 18 3.3566164097330677
18 1 19 2320.1092365410263
19 1 20 3813.277436145694
20 1 21 0.01135632847946064
21 1 22 4.611930466736065
22 2 1 130.16539534638144
23 2 3 32.77400425250372
24 2 4 10.355650068461546
25 2 5 117.90509159051088
26 2 6 22.71068199635824
27 2 7 348.85115486743956
28 2 8 2.378857816728549
29 2 9 0.7424853111211432
30 2 10 6.061578062516418
31 2 11 1.8094879652649098
32 2 12 1.4289838694784993
33 2 13 8.966343825586895
34 2 14 4.390803841595077
35 2 15 198.45138861713446
36 2 16 296.2408296070324
37 2 17 20.720090331830395
38 2 18 8.891031147629636
39 2 19 650.1518756716839
40 2 20 8.963823798940945
41 2 21 63.36942104041325
42 2 22 69.31558545405011
43 3 1 655.0014542920524
44 3 2 29.378579143805922
45 3 4 19.336036488392317
46 3 5 561.5515504933186
47 3 6 4579.515267695254
48 3 7 608.4504230102407
49 3 8 5.742592041678665
50 3 9 78.8705596535088
51 3 10 182.88199445786475
52 3 11 1.7357531744508419
53 3 12 6.09993586238752
54 3 13 235.25891596192076
55 3 14 0.6286044305833125
56 3 15 86.87967027917728
57 3 16 72.21994048839159
58 3 17 52.06736223624491
59 3 18 331.5059103224675
60 3 19 608.0239496373796
61 3 20 8.329112980876399
62 3 21 24.788029836576285
63 3 22 495.2301549181285
64 4 1 281.3178986542202
65 4 2 1.068078511315204
66 4 3 11.970514236824833
67 4 5 49.070454276082664
68 4 6 13.65664278225607
69 4 7 55.59599853034758
70 4 8 0.5264472114588371
71 4 9 11.057723397591959
72 4 10 22.395875422106478
73 4 11 0.30045951528919584
74 4 12 0.4756399647652043
75 4 13 0.6143227132127345
76 4 14 0.07478535940143483
77 4 15 114.080182053468
78 4 16 48.59210386531105
79 4 17 0.7061635171436377
80 4 18 2.347155427353335
81 4 19 91.27728576588036
82 4 20 24.64942981713985
83 4 21 0.0842660344199121
84 4 22 21.166991739480597
85 5 1 1338.125054705708
86 5 2 874.1648913293404
87 5 3 45.1910736378939
88 5 4 41.345841289362646
89 5 6 5381.877559162627
90 5 7 110.61271018059742
91 5 8 94490.41335340153
92 5 9 26.87067694066
93 5 10 1360.6648420894755
94 5 11 11.569742254390722
95 5 12 799.9370731989794
96 5 13 129.02592801138442
97 5 14 3.574486756560863
98 5 15 1096.1362732615883
99 5 16 5137.070340699185
100 5 17 6.700795024238726
101 5 18 19.91295519980108
102 5 19 2132.52281927528
103 5 20 71880.57028979335
104 5 21 23.382776422214036
105 5 22 286.35230009653316
106 6 1 115.20444402606148
107 6 2 9.230744535895488
108 6 3 245.0985442557526
109 6 4 2.634697871573517
110 6 5 994.9014838710084
111 6 7 167.43808910599958
112 6 8 2.1464783496856925
113 6 9 2.2878304107181204
114 6 10 51.06280287277937
115 6 11 0.5188140689146452
116 6 12 2.483288072999283
117 6 13 17.656524026053653
118 6 14 0.09376556899208772
119 6 15 73.95675467601882
120 6 16 935.495330391606
121 6 17 239.9054371862691
122 6 18 6.961428679942902
123 6 19 34.23272306930897
124 6 20 9.457477367428918
125 6 21 1.1946397735275334
126 6 22 83.89431477896362
127 7 1 190.99108781105267
128 7 2 6.64717808036183
129 7 3 47.8352840803437
130 7 4 6.7736508273657225
131 7 5 66.78657314957104
132 7 6 48.20174734250211
133 7 8 2.582766029756855
134 7 9 1.642761009938934
135 7 10 3.7501624528413102
136 7 11 2.144707014047111
137 7 12 0.7012346547930746
138 7 13 4.579054613611837
139 7 14 0.18720332386305877
140 7 15 312.6384812771392
141 7 16 68.15722342679976
142 7 17 2.9440807928677395
143 7 18 1.0375916833224346
144 7 19 442.6172152326622
145 7 20 4.897620158064133
146 7 21 0.39365376326366397
147 7 22 22.58920303419152
148 8 1 661.2514499604271
149 8 2 2.2024309164842837
150 8 3 78.48048541706572
151 8 4 43.43281143739572
152 8 5 69028.01280056407
153 8 6 20.349107799475554
154 8 7 0.1916194569309259
155 8 9 3.1796926485834063
156 8 10 1114.082095659517
157 8 11 0.5813583401443906
158 8 12 0.41256971360810196
159 8 13 16.411805769972514
160 8 14 0.025511741757200727
161 8 15 246.68597975182462
162 8 16 450.324144607236
163 8 17 0.34724122334121355
164 8 18 0.6837997067610939
165 8 19 963.0853747141067
166 8 20 16.567938230559314
167 8 21 1.0711669561691182
168 8 22 1718.8797646748737
169 9 1 4052.572560480119
170 9 2 0.22469504563542553
171 9 3 3206.320503900521
172 9 4 0.3839112353685388
173 9 5 23486.2542529441
174 9 6 1.4094747881914702
175 9 7 0.4726368056648293
176 9 8 0.7402353370638435
177 9 10 9331.94610763487
178 9 11 0.1817770437017602
179 9 12 0.10809112766837559
180 9 13 8.100229425961926
181 9 14 0.09272131327333401
182 9 15 4.8676164049732655
183 9 16 2.745507911103559
184 9 17 0.2555575786626707
185 9 18 1.3023221860155574
186 9 19 358.6539973505434
187 9 20 24.13738593783025
188 9 21 2.3976590645349
189 9 22 4.841930078074527
190 10 1 7297.391874914963
191 10 2 4.828958799692062
192 10 3 58.25002142232807
193 10 4 105.94095494709569
194 10 5 44357.63213081485
195 10 6 15.426949763273344
196 10 7 0.36875713386514225
197 10 8 0.46685824523173836
198 10 9 6834.0954715375465
199 10 11 1.4127542165634925
200 10 12 0.5348767610600127
201 10 13 9.136491356609884
202 10 14 0.058713325726106325
203 10 15 66.147476973401
204 10 16 1683.4715437027137
205 10 17 0.48342133327253245
206 10 18 0.5178762252801676
207 10 19 273.49168638504364
208 10 20 44.27186732009073
209 10 21 108.82296788491477
210 10 22 11.138644529147305
211 11 1 6.218242880735882
212 11 2 11.604792180619958
213 11 3 2.2649388926708114
214 11 4 3.4811029491500007
215 11 5 130.824512657968
216 11 6 22.981565761807687
217 11 7 4.975963051178554
218 11 8 0.4515460479780945
219 11 9 0.7941226956491504
220 11 10 53.382818840454476
221 11 12 0.22066137265891622
222 11 13 0.7682378976185429
223 11 14 1.6649445894139794
224 11 15 49.211402887256725
225 11 16 12.24725151151303
226 11 17 2.8976492500132127
227 11 18 4.843725857009675
228 11 19 90.41837047902285
229 11 20 1.218861971026896
230 11 21 0.6255645908996315
231 11 22 6.34628360017126
232 12 1 41.874959680183814
233 12 2 1.180464561011543
234 12 3 4.872919647769449
235 12 4 0.17913194395277743
236 12 5 335.271541344345
237 12 6 3.603394906467309
238 12 7 1.043212050994908
239 12 8 0.1854564810178403
240 12 9 0.06736208779937808
241 12 10 32.95579390105742
242 12 11 0.014096763002263613
243 12 13 9.948538404033869
244 12 14 0.002160154634475918
245 12 15 5.939620473318613
246 12 16 5.044294688373115
247 12 17 0.06235960131753854
248 12 18 0.108141319631559
249 12 19 23.697953634522413
250 12 20 0.557522717600132
251 12 21 0.07671704433489665
252 12 22 4.127791731486188
253 13 1 426.5095276166322
254 13 2 29.336833319135476
255 13 3 3776.2748413274335
256 13 4 1.5879340474297878
257 13 5 65522.40771986377
258 13 6 10710.289000124994
259 13 7 1964.598115923794
260 13 8 683.6373522586866
261 13 9 0.5897272627432922
262 13 10 68.2827836706851
263 13 11 0.35013199481811397
264 13 12 5508.087953214498
265 13 14 0.060291303765672065
266 13 15 4794.694244058542
267 13 16 24439.957830961856
268 13 17 2462.5622365278728
269 13 18 6.77692593895794
270 13 19 2804.6136881490024
271 13 20 8400.824425562047
272 13 21 2.572586596055165
273 13 22 5922.283871470155
274 14 1 0.726736189132883
275 14 2 0.23957089622468447
276 14 3 1.6674629263557648
277 14 4 0.026985683354625787
278 14 5 340.95451651113996
279 14 6 0.41049147797681884
280 14 7 0.5621768086607052
281 14 8 0.027538726281286383
282 14 9 0.020192567750135476
283 14 10 26.302757076169737
284 14 11 0.06262334944006699
285 14 12 0.020951868176984613
286 14 13 0.023502243941363906
287 14 15 0.6509641987354364
288 14 16 0.7658929821636761
289 14 17 0.051379965894067764
290 14 18 0.062621163805188
291 14 19 15.121655171969977
292 14 20 0.04333763994161822
293 14 21 0.013130920535532697
294 14 22 9.957307435356213
295 15 1 21.431980422403644
296 15 2 44.163825157836406
297 15 3 26.50929186275136
298 15 4 16.19488052124828
299 15 5 346.2727604086336
300 15 6 36.32441612864303
301 15 7 16.32467400681129
302 15 8 8.097206894485097
303 15 9 15.104655317936707
304 15 10 112.6851575838502
305 15 11 0.9811374579602571
306 15 12 11.056069812191206
307 15 13 2.057490222225463
308 15 14 0.3647340491085134
309 15 16 0.14387344372053615
310 15 17 11.324466850843649
311 15 18 29.21831459033477
312 15 19 611.7039130306741
313 15 20 65.04334920135094
314 15 21 204.63950923398008
315 15 22 242.83501292961435
316 16 1 1777.456962422506
317 16 2 137.36961466160244
318 16 3 2448.2637549473734
319 16 4 204.3486223156272
320 16 5 8986.155826463466
321 16 6 372.7451924885462
322 16 7 1287.8475813929222
323 16 8 8999.84878185862
324 16 9 480.6271128867177
325 16 10 573.0798312879831
326 16 11 12.544407341939634
327 16 12 11671.521130366396
328 16 13 5797.180006803758
329 16 14 0.19137078239240118
330 16 15 292.34386268060535
331 16 17 247.29076080522833
332 16 18 31.142255679214507
333 16 19 50762.573199675
334 16 20 108.55408907834435
335 16 21 19.168543513157452
336 16 22 66094.9866673767
337 17 1 0.7306365174608215
338 17 2 1.5489536579522554
339 17 3 5.405406384891773
340 17 4 0.3205264176077193
341 17 5 78.35249981526327
342 17 6 6.64449008160694
343 17 7 5.221656508738215
344 17 8 1.0193539309640443
345 17 9 10.951762068947179
346 17 10 20.9642479993241
347 17 11 0.4529123755146028
348 17 12 0.20192218607296267
349 17 13 0.4016933958245905
350 17 14 1.7384349378956239
351 17 15 78.13291238303839
352 17 16 18.55514298927996
353 17 18 3.8061164928887847
354 17 19 234.78610927419456
355 17 20 16.733553512984265
356 17 21 0.0758195073750387
357 17 22 11.241173424085446
358 18 1 1.5072680364301063
359 18 2 0.408544922147387
360 18 3 12.842124201590726
361 18 4 0.2102899672327055
362 18 5 374.0234126355314
363 18 6 18.254831302843424
364 18 7 3.1924724923715107
365 18 8 0.08050889041116482
366 18 9 0.2655050797100205
367 18 10 156.384730561985
368 18 11 0.12629398923578306
369 18 12 0.1296843939154641
370 18 13 31.313990541321775
371 18 14 0.0029264048381537427
372 18 15 9.308621221200038
373 18 16 299.1300701482888
374 18 17 0.32246524833642704
375 18 19 2277.281072871036
376 18 20 1.5091082639558733
377 18 21 0.17890421902575096
378 18 22 97.55183242227349
379 19 1 145.02756464729666
380 19 2 52.92438225810837
381 19 3 134.9745304709483
382 19 4 146.965893291701
383 19 5 4464.426517014541
384 19 6 1343.4367465843443
385 19 7 122.53694092043763
386 19 8 2.1244920221828654
387 19 9 22.13151566049916
388 19 10 766.7365427065012
389 19 11 130.32212706401222
390 19 12 30.799023998237992
391 19 13 5.0600417154255934
392 19 14 1.018552546027609
393 19 15 568.546244009517
394 19 16 739.44402055506
395 19 17 33.81068100060419
396 19 18 13708.451929846175
397 19 20 3278.772659650143
398 19 21 5.8389715175749295
399 19 22 6058.708842840249
400 20 1 4872.0521690412925
401 20 2 2.7637903823582484
402 20 3 42.82272194845777
403 20 4 0.5206360755793501
404 20 5 70439.42515504557
405 20 6 5.009503740078164
406 20 7 0.10325012407530103
407 20 8 0.742667880618649
408 20 9 10.600740379632365
409 20 10 3325.47883575441
410 20 11 0.23671211092997513
411 20 12 1.926797472752594
412 20 13 6.14581443699458
413 20 14 0.013354335561642524
414 20 15 15.635725538710803
415 20 16 4919.794136710093
416 20 17 0.5504872557418626
417 20 18 1.1349211971141362
418 20 19 114.35441405369502
419 20 21 6.978123555007909
420 20 22 30.39948686404414
421 21 1 15.487765221695923
422 21 2 0.4365358011063818
423 21 3 14.355654157302366
424 21 4 0.21574812409889327
425 21 5 29.317509954199334
426 21 6 7.084006616123823
427 21 7 1.8503011340446984
428 21 8 0.8326535438467689
429 21 9 6.4182537230175685
430 21 10 95.1622865710203
431 21 11 0.11694908827151954
432 21 12 0.10408260496215303
433 21 13 0.3214672659105426
434 21 14 0.020852974665976687
435 21 15 32.94584153346079
436 21 16 13.32374097438021
437 21 17 0.008410253734965156
438 21 18 13.599256833720606
439 21 19 21.822098848858978
440 21 20 5.324057002052936
441 21 22 38.306173573921846
442 22 1 4.27361413936453
443 22 2 17.814389234401048
444 22 3 865.0222868786132
445 22 4 118.19790458806047
446 22 5 5001.0027901092435
447 22 6 4043.7650621599073
448 22 7 207.20726645983316
449 22 8 2.8095540691455296
450 22 9 3.482688186001644
451 22 10 23.766876779904038
452 22 11 0.30741589067960196
453 22 12 8.222912335963782
454 22 13 2.1121840969032055
455 22 14 6.687172455510318
456 22 15 364.4912592908982
457 22 16 4864.3182519399315
458 22 17 4.954255234626458
459 22 18 2626.0163258830244
460 22 19 28072.28865092249
461 22 20 29.94671401137319
462 22 21 1.5270971807622797
