1 1 2 47.850335
2 1 3 255.67699599999997
3 1 4 0.0
4 1 5 27.934681
5 1 6 5.853899999999999
6 1 7 0.0
7 1 8 257.620124
8 1 9 1380.043916
9 1 10 2490.272777
10 1 11 0.176791
11 1 12 483.6726330000001
12 1 13 54.307653
13 1 14 0.0
14 1 15 37.460089999999994
15 1 16 11.267059
16 1 17 0.0
17 1 18 1.978779
18 1 19 2020.6139330000003
19 1 20 3539.466703
20 1 21 0.0
21 1 22 1.842193
22 2 1 0.93074
23 2 3 1.7141540000000002
24 2 4 0.119098
25 2 5 64.313163
26 2 6 6.981223999999999
27 2 7 3.0036490000000002
28 2 8 0.006635
29 2 9 2.462648
30 2 10 1.5645229999999999
31 2 11 0.5553400000000001
32 2 12 0.19472899999999999
33 2 13 0.015913
34 2 14 0.0
35 2 15 57.469705000000005
36 2 16 4.4191020000000005
37 2 17 0.142827
38 2 18 0.02148
39 2 19 474.81126000000006
40 2 20 0.88643
41 2 21 0.07445
42 2 22 8.295405
43 3 1 491.0085639999999
44 3 2 1.076717
45 3 4 1.836233
46 3 5 82.525458
47 3 6 4521.866709
48 3 7 149.15990499999998
49 3 8 8.154433000000001
50 3 9 0.636707
51 3 10 200.55804
52 3 11 5.008463
53 3 12 1.718822
54 3 13 125.62666999999999
55 3 14 0.0
56 3 15 86.860664
57 3 16 5.633811
58 3 17 0.0
59 3 18 171.409493
60 3 19 398.783661
61 3 20 4.295731
62 3 21 2.721987
63 3 22 109.29486
64 4 1 375.588544
65 4 2 0.940299
66 4 3 1.490635
67 4 5 70.854827
68 4 6 1.8860530000000002
69 4 7 26.693208
70 4 8 0.086596
71 4 9 1.984626
72 4 10 11.686375
73 4 11 0.0
74 4 12 0.002924
75 4 13 0.010066
76 4 14 0.0
77 4 15 105.176594
78 4 16 27.007372
79 4 17 0.168694
80 4 18 0.0
81 4 19 7.6447530000000015
82 4 20 20.65785
83 4 21 0.0
84 4 22 4.668264000000001
85 5 1 1151.304228
86 5 2 56.217041
87 5 3 35.825165999999996
88 5 4 56.31943799999999
89 5 6 225.96501299999997
90 5 7 121.269758
91 5 8 191.860074
92 5 9 7.35595
93 5 10 144.64813299999997
94 5 11 10.996248999999999
95 5 12 226.69225100000003
96 5 13 109.21186200000001
97 5 14 0.0
98 5 15 1016.259496
99 5 16 99.62758
100 5 17 0.0
101 5 18 33.277608
102 5 19 2069.182173
103 5 20 3078.3715430000007
104 5 21 5.336459
105 5 22 399.84013500000003
106 6 1 98.336567
107 6 2 4.96837
108 6 3 258.055185
109 6 4 3.449563
110 6 5 495.004864
111 6 7 159.679651
112 6 8 1.455433
113 6 9 0.8950329999999999
114 6 10 47.825424
115 6 11 0.472061
116 6 12 2.973847
117 6 13 9.107779
118 6 14 0.0
119 6 15 98.740082
120 6 16 11.589151999999999
121 6 17 0.0
122 6 18 4.8076609999999995
123 6 19 73.376182
124 6 20 9.906711999999999
125 6 21 0.152386
126 6 22 44.255919
127 7 1 198.197394
128 7 2 1.3344239999999998
129 7 3 16.699899000000002
130 7 4 7.221164000000001
131 7 5 78.73046599999999
132 7 6 93.964642
133 7 8 0.5718719999999999
134 7 9 0.22959299999999996
135 7 10 7.392444
136 7 11 0.9779180000000001
137 7 12 0.7507440000000001
138 7 13 0.28863500000000003
139 7 14 0.0
140 7 15 317.04352900000004
141 7 16 15.845184
142 7 17 0.194166
143 7 18 4.044996
144 7 19 390.39823000000007
145 7 20 0.284418
146 7 21 0.04819
147 7 22 30.353245
148 8 1 670.000562
149 8 2 2.711528
150 8 3 95.259536
151 8 4 37.427082
152 8 5 10185.592425
153 8 6 10.383666
154 8 7 0.0
155 8 9 2.391797
156 8 10 1171.342578
157 8 11 1.6606779999999999
158 8 12 0.11853600000000002
159 8 13 13.621181000000002
160 8 14 0.0
161 8 15 57.016032
162 8 16 45.799805000000006
163 8 17 0.0
164 8 18 1.589377
165 8 19 965.742843
166 8 20 20.035032
167 8 21 0.357012
168 8 22 144.921023
169 9 1 4157.830091
170 9 2 0.9038619999999999
171 9 3 42.162261
172 9 4 0.0
173 9 5 469.69123399999995
174 9 6 7.103695999999999
175 9 7 0.0
176 9 8 0.64531
177 9 10 1089.273099
178 9 11 0.002249
179 9 12 0.015352000000000001
180 9 13 11.750817
181 9 14 0.0
182 9 15 4.473816
183 9 16 1.9551609999999997
184 9 17 0.0
185 9 18 0.036944
186 9 19 215.690379
187 9 20 14.067376
188 9 21 0.007141
189 9 22 1.955387
190 10 1 7280.842963
191 10 2 19.80156
192 10 3 61.928281999999996
193 10 4 0.0
194 10 5 792.4362189999999
195 10 6 9.23115
196 10 7 0.0
197 10 8 0.489662
198 10 9 1486.148552
199 10 11 1.4675799999999999
200 10 12 1.268915
201 10 13 19.153382
202 10 14 0.0
203 10 15 39.118181
204 10 16 26.387816
205 10 17 0.0
206 10 18 0.33974899999999997
207 10 19 232.20336600000002
208 10 20 91.55220800000001
209 10 21 119.234018
210 10 22 3.2480870000000004
211 11 1 0.183876
212 11 2 9.098612
213 11 3 2.614641
214 11 4 0.0
215 11 5 36.497466
216 11 6 14.169605
217 11 7 0.87254
218 11 8 0.089408
219 11 9 0.261138
220 11 10 61.624746
221 11 12 0.006973000000000001
222 11 13 0.168694
223 11 14 0.0
224 11 15 71.459202
225 11 16 1.6072579999999999
226 11 17 0.348296
227 11 18 0.0
228 11 19 78.943977
229 11 20 0.527281
230 11 21 0.007535
231 11 22 6.257303
232 12 1 42.278547
233 12 2 0.200858
234 12 3 3.596102
235 12 4 0.09604299999999999
236 12 5 330.81670299999996
237 12 6 1.2866279999999999
238 12 7 0.6415420000000001
239 12 8 0.248542
240 12 9 0.20580600000000002
241 12 10 30.781727000000004
242 12 11 0.0
243 12 13 9.630392
244 12 14 0.0
245 12 15 2.909799
246 12 16 5.923458
247 12 17 0.0
248 12 18 0.0
249 12 19 25.22664
250 12 20 0.27317199999999997
251 12 21 0.0
252 12 22 2.4636039999999997
253 13 1 208.161631
254 13 2 30.283237
255 13 3 693.5366650000001
256 13 4 0.637831
257 13 5 497.747038
258 13 6 58.572513
259 13 7 635.6319550000001
260 13 8 2.91621
261 13 9 0.138386
262 13 10 22.24537
263 13 11 0.061405
264 13 12 0.9904009999999999
265 13 14 0.0
266 13 15 247.704864
267 13 16 41.944534
268 13 17 0.0
269 13 18 0.155592
270 13 19 33.957163
271 13 20 1.240181
272 13 21 0.035426
273 13 22 24.278919000000002
274 14 1 0.513279
275 14 2 0.10605200000000001
276 14 3 1.134297
277 14 4 0.002643
278 14 5 282.193525
279 14 6 0.0185
280 14 7 0.009334
281 14 8 0.002137
282 14 9 0.0
283 14 10 23.940856000000004
284 14 11 0.005285999999999999
285 14 12 0.0
286 14 13 0.2062
287 14 15 0.78482
288 14 16 0.104478
289 14 17 0.153511
290 14 18 0.010122
291 14 19 31.196713
292 14 20 0.002249
293 14 21 0.0
294 14 22 1.767236
295 15 1 10.689226999999999
296 15 2 54.77583399999999
297 15 3 5.934086
298 15 4 15.692347000000002
299 15 5 222.106423
300 15 6 30.670952
301 15 7 15.026569
302 15 8 6.882258
303 15 9 3.558765
304 15 10 48.237655000000004
305 15 11 0.156885
306 15 12 10.979548999999999
307 15 13 0.070627
308 15 14 0.0
309 15 16 0.0
310 15 17 14.815534000000001
311 15 18 25.477713
312 15 19 398.69442300000003
313 15 20 177.94874
314 15 21 1.053436
315 15 22 189.608574
316 16 1 1412.360139
317 16 2 101.376317
318 16 3 2495.6778400000003
319 16 4 0.0
320 16 5 1068.030837
321 16 6 192.904626
322 16 7 0.841838
323 16 8 5.736827
324 16 9 35.268251
325 16 10 361.455322
326 16 11 9.512138
327 16 12 71.92417800000001
328 16 13 0.38113600000000003
329 16 14 0.0
330 16 15 0.069783
331 16 17 0.0
332 16 18 32.085618
333 16 19 217.145363
334 16 20 105.22169199999999
335 16 21 18.720964000000002
336 16 22 2034.1268129999999
337 17 1 0.466157
338 17 2 0.482464
339 17 3 3.194329
340 17 4 0.0
341 17 5 54.202275
342 17 6 9.568256
343 17 7 2.5356360000000002
344 17 8 3.1667199999999998
345 17 9 4.474152999999999
346 17 10 16.733356999999998
347 17 11 0.285767
348 17 12 0.448219
349 17 13 0.025698
350 17 14 0.0
351 17 15 51.42743
352 17 16 13.631302999999999
353 17 18 2.148878
354 17 19 151.765718
355 17 20 46.857516000000004
356 17 21 0.0
357 17 22 9.535248
358 18 1 1.4142730000000001
359 18 2 0.040824
360 18 3 12.44949
361 18 4 0.051676
362 18 5 54.894088999999994
363 18 6 14.719433999999998
364 18 7 1.809409
365 18 8 0.265412
366 18 9 0.315288
367 18 10 166.782222
368 18 11 0.0029240000000000004
369 18 12 0.0
370 18 13 32.031749
371 18 14 0.0
372 18 15 13.802302000000001
373 18 16 0.997992
374 18 17 0.042455
375 18 19 1779.8648770000002
376 18 20 1.552376
377 18 21 0.046391
378 18 22 97.69423700000002
379 19 1 66.684717
380 19 2 54.501706999999996
381 19 3 132.199317
382 19 4 61.67895299999999
383 19 5 615.553062
384 19 6 23.733587
385 19 7 116.31606500000001
386 19 8 3.828506
387 19 9 11.110456
388 19 10 395.529614
389 19 11 44.739002
390 19 12 27.345489999999998
391 19 13 3.2970079999999995
392 19 14 0.0
393 19 15 659.9144719999999
394 19 16 148.81037199999997
395 19 17 42.196
396 19 18 725.445999
397 19 20 44.90809
398 19 21 10.155479
399 19 22 158.357935
400 20 1 4940.254784
401 20 2 1.024815
402 20 3 38.85575
403 20 4 0.0
404 20 5 473.9523269999999
405 20 6 2.467315
406 20 7 0.0
407 20 8 0.028284
408 20 9 10.572545999999999
409 20 10 1429.0613309999999
410 20 11 0.444677
411 20 12 0.031152000000000003
412 20 13 10.332045
413 20 14 0.0
414 20 15 13.7892
415 20 16 19.539690999999998
416 20 17 0.0
417 20 18 1.321098
418 20 19 206.890636
419 20 21 7.749962
420 20 22 53.09935499999999
421 21 1 6.6983250000000005
422 21 2 0.297126
423 21 3 10.699348
424 21 4 0.0
425 21 5 3.778067
426 21 6 0.012989
427 21 7 0.0
428 21 8 0.182471
429 21 9 0.343123
430 21 10 10.894808
431 21 11 0.014845
432 21 12 0.002249
433 21 13 0.0
434 21 14 0.0
435 21 15 1.873851
436 21 16 2.9907730000000003
437 21 17 0.0
438 21 18 0.004386
439 21 19 0.579913
440 21 20 2.0439499999999997
441 21 22 37.862987000000004
442 22 1 1.52904
443 22 2 5.409841
444 22 3 520.6955250000001
445 22 4 142.722775
446 22 5 235.247558
447 22 6 24.761495
448 22 7 34.059673000000004
449 22 8 4.088913
450 22 9 3.9912950000000005
451 22 10 38.013124000000005
452 22 11 0.002924
453 22 12 1.172084
454 22 13 0.5100739999999999
455 22 14 0.012483000000000001
456 22 15 340.310115
457 22 16 117.739953
458 22 17 3.6476100000000002
459 22 18 566.1177929999999
460 22 19 1558.0681749999999
461 22 20 23.506413000000002
462 22 21 1.002828
