1 1 2 72.962151
2 1 3 330.165488
3 1 4 0.0
4 1 5 59.02033900000001
5 1 6 0.009728000000000014
6 1 7 0.0
7 1 8 588.569364
8 1 9 1785.791989
9 1 10 4390.738541
10 1 11 0.16262
11 1 12 457.80400099999997
12 1 13 126.573323
13 1 14 0.0
14 1 15 30.487244000000004
15 1 16 5.253125
16 1 17 0.0
17 1 18 0.620849
18 1 19 2900.528574
19 1 20 4637.020361
20 1 21 0.0
21 1 22 36.024056
22 2 1 7.311077000000001
23 2 3 13.496123
24 2 4 1.245129
25 2 5 32.59586
26 2 6 5.530007
27 2 7 23.564219
28 2 8 0.134449
29 2 9 0.079286
30 2 10 45.187278
31 2 11 1.3940290000000002
32 2 12 5.512688000000001
33 2 13 0.446195
34 2 14 0.0
35 2 15 21.315925
36 2 16 5.96833
37 2 17 0.271935
38 2 18 1.373561
39 2 19 497.671745
40 2 20 13.511474
41 2 21 0.7388790000000001
42 2 22 15.074197999999999
43 3 1 7417.915001
44 3 2 57.53111
45 3 4 23.983085000000003
46 3 5 617.513735
47 3 6 8979.780867000001
48 3 7 4910.61607
49 3 8 37.888234
50 3 9 1.459089
51 3 10 158.846922
52 3 11 1.6745109999999999
53 3 12 1.5176820000000002
54 3 13 130.476953
55 3 14 0.0
56 3 15 294.520769
57 3 16 6.8888929999999995
58 3 17 0.0
59 3 18 172.633929
60 3 19 4281.162806
61 3 20 132.52337800000004
62 3 21 14.727869000000002
63 3 22 336.212543
64 4 1 90.322936
65 4 2 0.07051399999999997
66 4 3 329.10097399999995
67 4 5 261.630257
68 4 6 5.882802999999999
69 4 7 50.649584
70 4 8 4.7437260000000006
71 4 9 0.301006
72 4 10 57.585992000000005
73 4 11 0.134673
74 4 12 0.38749
75 4 13 0.059661
76 4 14 0.0
77 4 15 227.80107599999997
78 4 16 74.683671
79 4 17 0.002924
80 4 18 106.10829000000001
81 4 19 20.771156
82 4 20 136.07134599999998
83 4 21 0.0
84 4 22 3.556234
85 5 1 1815.8897190000002
86 5 2 125.342533
87 5 3 436.650134
88 5 4 193.780147
89 5 6 148.952693
90 5 7 210.437086
91 5 8 608.402245
92 5 9 15.902934000000002
93 5 10 303.888842
94 5 11 45.84079799999999
95 5 12 219.971715
96 5 13 246.882707
97 5 14 0.069108
98 5 15 258.435308
99 5 16 181.805136
100 5 17 0.0
101 5 18 170.678824
102 5 19 2367.883793
103 5 20 2969.644394
104 5 21 54.597412000000006
105 5 22 564.437772
106 6 1 88.15797599999999
107 6 2 1.284322
108 6 3 184.288534
109 6 4 3.0662350000000003
110 6 5 282.798574
111 6 7 30.779871
112 6 8 1.815145
113 6 9 0.9532319999999999
114 6 10 32.63674
115 6 11 1.169891
116 6 12 0.88806
117 6 13 84.702396
118 6 14 0.0
119 6 15 37.817608
120 6 16 10.202995000000001
121 6 17 0.0
122 6 18 29.157431
123 6 19 15.048162000000001
124 6 20 16.378369
125 6 21 4.142951
126 6 22 34.745413
127 7 1 15.698644999999999
128 7 2 28.490584
129 7 3 148.055129
130 7 4 43.235322
131 7 5 349.548632
132 7 6 53.184882
133 7 8 2.961138
134 7 9 2.99887
135 7 10 55.67053
136 7 11 0.588685
137 7 12 1.243498
138 7 13 5.56892
139 7 14 0.0
140 7 15 453.967622
141 7 16 4.697617
142 7 17 0.755242
143 7 18 1.634643
144 7 19 217.387214
145 7 20 0.80973
146 7 21 0.7075020000000001
147 7 22 108.625708
148 8 1 378.60046
149 8 2 5.233499999999999
150 8 3 698.111529
151 8 4 17.708688
152 8 5 7574.944528
153 8 6 10.089239
154 8 7 0.0
155 8 9 14.583973
156 8 10 827.741359
157 8 11 0.144345
158 8 12 0.05797399999999997
159 8 13 10.91134
160 8 14 0.0
161 8 15 27.884917
162 8 16 10.565405
163 8 17 0.0
164 8 18 5.105518
165 8 19 249.834118
166 8 20 13.675332000000001
167 8 21 30.814735
168 8 22 98.844616
169 9 1 3635.660577
170 9 2 0.298981
171 9 3 31.868228
172 9 4 0.0
173 9 5 255.219893
174 9 6 0.05595
175 9 7 0.0
176 9 8 0.037563
177 9 10 851.857712
178 9 11 0.113981
179 9 12 0.008997
180 9 13 2.639664
181 9 14 0.0
182 9 15 4.027789
183 9 16 2.9368469999999998
184 9 17 0.0
185 9 18 0.349421
186 9 19 175.065931
187 9 20 102.405124
188 9 21 0.31697600000000004
189 9 22 21.734285
190 10 1 6754.351738
191 10 2 1.571495
192 10 3 101.30023600000001
193 10 4 0.0
194 10 5 586.670716
195 10 6 0.3595990000000001
196 10 7 0.0
197 10 8 0.454461
198 10 9 1738.849564
199 10 11 0.204063
200 10 12 0.27553300000000003
201 10 13 8.973554
202 10 14 0.0
203 10 15 15.495651000000002
204 10 16 19.280127999999998
205 10 17 0.0
206 10 18 0.18601299999999998
207 10 19 327.631932
208 10 20 31.991318
209 10 21 4.353087
210 10 22 6.586087
211 11 1 0.0029239999999999995
212 11 2 1.0979150000000002
213 11 3 4.907359
214 11 4 3.303643
215 11 5 22.398545
216 11 6 60.350488999999996
217 11 7 20.298363
218 11 8 0.655151
219 11 9 8.273925
220 11 10 1.9244590000000001
221 11 12 0.004498000000000002
222 11 13 0.8380709999999999
223 11 14 0.0
224 11 15 4.600561
225 11 16 13.055326
226 11 17 0.1366409999999999
227 11 18 0.345035
228 11 19 56.482453
229 11 20 0.175217
230 11 21 2.637921
231 11 22 0.17600400000000027
232 12 1 47.843644
233 12 2 0.510412
234 12 3 51.719215000000005
235 12 4 0.346835
236 12 5 369.37611400000003
237 12 6 0.633445
238 12 7 0.8506670000000001
239 12 8 0.08356
240 12 9 0.002699
241 12 10 34.762619
242 12 11 0.092388
243 12 13 8.472759
244 12 14 0.0
245 12 15 2.76
246 12 16 1.3660260000000002
247 12 17 0.0
248 12 18 0.0029239999999999995
249 12 19 7.789268
250 12 20 0.033739000000000005
251 12 21 0.017994
252 12 22 2.3511420000000003
253 13 1 568.681264
254 13 2 11.984908
255 13 3 417.023454
256 13 4 8.207123
257 13 5 378.945832
258 13 6 25.499025
259 13 7 766.723123
260 13 8 3.1861759999999997
261 13 9 0.883618
262 13 10 22.297385
263 13 11 0.364772
264 13 12 0.988602
265 13 14 0.0
266 13 15 722.300534
267 13 16 20.890141
268 13 17 0.0
269 13 18 13.469919
270 13 19 13.001343999999996
271 13 20 4.549222
272 13 21 0.5917209999999999
273 13 22 23.942037
274 14 1 1.108544
275 14 2 0.389457
276 14 3 16.561121
277 14 4 0.030309000000000003
278 14 5 333.44141
279 14 6 0.903917
280 14 7 1.039491
281 14 8 0.080299
282 14 9 0.0026989999999999996
283 14 10 17.405825999999998
284 14 11 0.0
285 14 12 0.0
286 14 13 0.038968
287 14 15 1.6874440000000002
288 14 16 0.026204000000000005
289 14 17 0.5325660000000001
290 14 18 0.0
291 14 19 9.322076
292 14 20 0.12489
293 14 21 0.0
294 14 22 5.58489
295 15 1 22.036865
296 15 2 47.882667
297 15 3 131.53252700000002
298 15 4 206.360094
299 15 5 405.033767
300 15 6 64.59268900000001
301 15 7 9.777493
302 15 8 3.590085
303 15 9 43.82844899999999
304 15 10 115.141449
305 15 11 10.752429999999999
306 15 12 0.997205
307 15 13 1.3993710000000001
308 15 14 0.0
309 15 16 0.025979000000000002
310 15 17 24.763688000000002
311 15 18 83.339969
312 15 19 605.486991
313 15 20 23.233916
314 15 21 32.722999
315 15 22 108.271338
316 16 1 1462.333541
317 16 2 166.84958699999999
318 16 3 2790.774755
319 16 4 0.0
320 16 5 1957.2461859999999
321 16 6 605.994985
322 16 7 0.5008519999999999
323 16 8 9.644843
324 16 9 60.456035
325 16 10 445.754258
326 16 11 90.595432
327 16 12 28.930031
328 16 13 5.060308
329 16 14 0.0
330 16 15 1.8804299999999998
331 16 17 1.7763568394002505e-15
332 16 18 53.086534
333 16 19 392.240591
334 16 20 136.443035
335 16 21 18.404831
336 16 22 1400.517778
337 17 1 2.7615179999999997
338 17 2 2.571568
339 17 3 7.662354
340 17 4 0.0
341 17 5 112.533725
342 17 6 12.297385
343 17 7 3.125334
344 17 8 7.0262649999999995
345 17 9 4.839432
346 17 10 7.381703
347 17 11 0.506644
348 17 12 0.16323900000000002
349 17 13 4.688282
350 17 14 0.0
351 17 15 147.31192
352 17 16 15.481255
353 17 18 3.50377
354 17 19 165.694935
355 17 20 26.978076
356 17 21 0.0
357 17 22 7.9402479999999995
358 18 1 7.011308
359 18 2 0.156829
360 18 3 109.724073
361 18 4 13.507031999999999
362 18 5 56.108122
363 18 6 2.185822
364 18 7 1.5684580000000001
365 18 8 0.084347
366 18 9 0.203108
367 18 10 160.19056799999998
368 18 11 0.027834
369 18 12 0.0033740000000000003
370 18 13 37.858376
371 18 14 0.0
372 18 15 3.7315059999999995
373 18 16 3.6378810000000006
374 18 17 0.12736400000000003
375 18 19 1669.82304
376 18 20 0.27547699999999997
377 18 21 0.19703400000000001
378 18 22 78.163093
379 19 1 108.68593100000001
380 19 2 68.433903
381 19 3 573.5658490000001
382 19 4 359.260896
383 19 5 1355.9749649999999
384 19 6 68.425131
385 19 7 212.97379
386 19 8 13.694844
387 19 9 60.66909599999999
388 19 10 375.08505
389 19 11 157.209748
390 19 12 5.898997
391 19 13 6.959856
392 19 14 0.0
393 19 15 368.499862
394 19 16 93.75265
395 19 17 77.039367
396 19 18 1140.313545
397 19 20 62.068468
398 19 21 170.853085
399 19 22 200.634963
400 20 1 4673.259895
401 20 2 8.719221
402 20 3 542.8546369999999
403 20 4 0.0
404 20 5 394.422195
405 20 6 0.9472149999999999
406 20 7 0.0
407 20 8 0.6930499999999999
408 20 9 11.534832999999999
409 20 10 669.834342
410 20 11 0.002924000000000003
411 20 12 0.8908720000000001
412 20 13 6.122629
413 20 14 0.0
414 20 15 23.878214
415 20 16 9.32798
416 20 17 0.0
417 20 18 0.47560400000000014
418 20 19 335.874818
419 20 21 0.4638519999999998
420 20 22 5.822354
421 21 1 7.8230070000000005
422 21 2 0.046279000000000015
423 21 3 2.307056
424 21 4 0.0
425 21 5 21.499012999999998
426 21 6 0.12342800000000001
427 21 7 0.0
428 21 8 0.508106
429 21 9 1.204136
430 21 10 78.822574
431 21 11 0.09593099999999999
432 21 12 1.110455
433 21 13 0.0
434 21 14 0.0
435 21 15 3.633833
436 21 16 1.129405
437 21 17 0.0
438 21 18 0.029072000000000014
439 21 19 3.7998849999999997
440 21 20 2.802791
441 21 22 0.7008110000000001
442 22 1 3.245838
443 22 2 25.710904
444 22 3 598.93588
445 22 4 51.02728900000001
446 22 5 564.641948
447 22 6 29.926281
448 22 7 214.647008
449 22 8 6.834797999999999
450 22 9 7.866136
451 22 10 76.581195
452 22 11 0.528124
453 22 12 2.6657
454 22 13 10.389064
455 22 14 0.113475
456 22 15 682.825734
457 22 16 44.170224
458 22 17 5.1654599999999995
459 22 18 900.1924799999999
460 22 19 1698.736708
461 22 20 43.501689
462 22 21 1.345389
