1 1 2 42.609524
2 1 3 124.510029
3 1 4 0.0
4 1 5 129.002851
5 1 6 4.464594
6 1 7 0.040261
7 1 8 97.83430899999999
8 1 9 591.309907
9 1 10 1305.3760459999999
10 1 11 0.022773000000000015
11 1 12 261.004684
12 1 13 33.262032
13 1 14 0.0
14 1 15 14.430461000000001
15 1 16 4.721684
16 1 17 0.0
17 1 18 0.011695999999999984
18 1 19 1174.885203
19 1 20 2025.889044
20 1 21 0.0
21 1 22 1.7269179999999995
22 2 1 11.033812000000001
23 2 3 2.371497
24 2 4 0.009108999999999978
25 2 5 4.614111999999999
26 2 6 0.506138
27 2 7 0.4736919999999998
28 2 8 0.6855720000000001
29 2 9 0.003148999999999999
30 2 10 0.15800999999999998
31 2 11 0.03059
32 2 12 0.08721499999999999
33 2 13 0.06596
34 2 14 0.0
35 2 15 17.722408
36 2 16 0.790162
37 2 17 0.22796099999999997
38 2 18 0.006072999999999995
39 2 19 397.36669
40 2 20 0.611796
41 2 21 6.938893903907228e-18
42 2 22 3.3837719999999996
43 3 1 5752.5747169999995
44 3 2 1.1864790000000003
45 3 4 1.256994
46 3 5 317.445863
47 3 6 3744.334531
48 3 7 19.498192000000003
49 3 8 0.6376059999999999
50 3 9 0.028003
51 3 10 11.166854999999998
52 3 11 0.6593679999999998
53 3 12 5.2158999999999995
54 3 13 37.650152
55 3 14 0.0
56 3 15 15.389542000000006
57 3 16 3.2403829999999996
58 3 17 1.104438
59 3 18 165.5737
60 3 19 11489.066561
61 3 20 4.5741890000000005
62 3 21 0.9467650000000001
63 3 22 180.035201
64 4 1 69.61819
65 4 2 0.008885000000000032
66 4 3 1.063108
67 4 5 95.62571399999999
68 4 6 2.461018
69 4 7 26.637033000000002
70 4 8 1.237144
71 4 9 0.05167699999999997
72 4 10 96.21839100000003
73 4 11 0.0
74 4 12 0.010514999999999997
75 4 13 0.046728
76 4 14 0.0
77 4 15 171.499857
78 4 16 3.618482
79 4 17 0.0
80 4 18 0.825925
81 4 19 127.30562199999999
82 4 20 10.570129
83 4 21 0.0
84 4 22 2.562627
85 5 1 1059.2787210000001
86 5 2 22.156806000000003
87 5 3 114.553045
88 5 4 286.408677
89 5 6 45.779393999999996
90 5 7 35.662094999999994
91 5 8 61.48743
92 5 9 4.020255
93 5 10 60.305279
94 5 11 86.271923
95 5 12 101.508348
96 5 13 26.840477
97 5 14 0.0
98 5 15 472.52096
99 5 16 61.706900000000005
100 5 17 4.528923
101 5 18 122.448534
102 5 19 815.8811719999999
103 5 20 1038.45617
104 5 21 2.033379
105 5 22 140.163633
106 6 1 120.203163
107 6 2 1.6691120000000002
108 6 3 114.08480800000001
109 6 4 2.804647
110 6 5 177.446426
111 6 7 10.302355
112 6 8 1.289551
113 6 9 1.946896
114 6 10 6.170200999999999
115 6 11 0.09384999999999999
116 6 12 1.072555
117 6 13 7.6829909999999995
118 6 14 0.0
119 6 15 13.541951000000001
120 6 16 6.366054
121 6 17 2.361263
122 6 18 119.32140100000001
123 6 19 11.752279
124 6 20 1.386888
125 6 21 0.21699600000000002
126 6 22 37.855115
127 7 1 1.4805689999999998
128 7 2 8.023807999999999
129 7 3 54.926815000000005
130 7 4 1.0606339999999999
131 7 5 11.927157999999999
132 7 6 22.201735
133 7 8 0.9738690000000001
134 7 9 3.9381000000000004
135 7 10 3.627255
136 7 11 0.26057600000000003
137 7 12 0.415492
138 7 13 0.028059000000000056
139 7 14 0.0
140 7 15 11.605515999999994
141 7 16 6.948723
142 7 17 1.12187
143 7 18 0.255177
144 7 19 121.712804
145 7 20 3.643899
146 7 21 0.031321
147 7 22 6.358069
148 8 1 86.222721
149 8 2 0.11954799999999999
150 8 3 26.66020100000003
151 8 4 6.8488
152 8 5 5426.068029
153 8 6 5.413721
154 8 7 0.35864300000000005
155 8 9 0.6773059999999997
156 8 10 32.27185599999996
157 8 11 0.150194
158 8 12 0.46284000000000003
159 8 13 10.223632
160 8 14 0.0
161 8 15 25.099276
162 8 16 8.731536
163 8 17 0.19006199999999995
164 8 18 0.937713
165 8 19 169.819835
166 8 20 4.865241000000001
167 8 21 0.25500900000000004
168 8 22 530.8433009999999
169 9 1 2374.433329
170 9 2 0.017882000000000002
171 9 3 42.903783000000004
172 9 4 0.0
173 9 5 234.17624
174 9 6 0.008321999999999996
175 9 7 0.181796
176 9 8 0.248542
177 9 10 590.553316
178 9 11 0.0
179 9 12 0.0
180 9 13 6.690059
181 9 14 0.0
182 9 15 9.757981000000001
183 9 16 1.711624
184 9 17 0.029297000000000004
185 9 18 0.077824
186 9 19 136.057401
187 9 20 6.225251
188 9 21 1.608889
189 9 22 0.09812399999999999
190 10 1 5345.305420000001
191 10 2 3.9279790000000006
192 10 3 78.462244
193 10 4 0.0
194 10 5 570.8548840000001
195 10 6 0.994
196 10 7 0.204232
197 10 8 0.5600080000000001
198 10 9 369.11402
199 10 11 0.391144
200 10 12 0.163408
201 10 13 4.3902
202 10 14 0.0
203 10 15 30.271428
204 10 16 10.533522999999999
205 10 17 0.197934
206 10 18 8.558174
207 10 19 253.446639
208 10 20 9.159174
209 10 21 1.1308670000000003
210 10 22 3.9470980000000004
211 11 1 0.08974499999999999
212 11 2 1.9399790000000001
213 11 3 1.492041
214 11 4 0.00719800000000001
215 11 5 170.570804
216 11 6 0.6976610000000001
217 11 7 0.22318199999999977
218 11 8 0.278513
219 11 9 0.0
220 11 10 0.761203
221 11 12 0.088058
222 11 13 0.002643
223 11 14 0.0
224 11 15 3.1689690000000006
225 11 16 0.12224600000000008
226 11 17 17.43085
227 11 18 9.514612
228 11 19 24.314737
229 11 20 57.520538
230 11 21 0.0
231 11 22 1.9571299999999998
232 12 1 59.86139
233 12 2 0.332214
234 12 3 2.0765080000000005
235 12 4 0.024011
236 12 5 252.213993
237 12 6 2.379651
238 12 7 0.05218299999999998
239 12 8 0.14788799999999996
240 12 9 0.0
241 12 10 0.7581659999999992
242 12 11 0.012821
243 12 13 7.094249
244 12 14 0.0
245 12 15 8.278424000000001
246 12 16 1.9783279999999999
247 12 17 0.0
248 12 18 0.0029239999999999995
249 12 19 4.098472
250 12 20 0.0
251 12 21 0.012034
252 12 22 14.718478
253 13 1 80.269011
254 13 2 8.984238
255 13 3 242.60542
256 13 4 7.858993999999999
257 13 5 475.128461
258 13 6 8.421588
259 13 7 1.7512659999999993
260 13 8 2.029836
261 13 9 1.301192
262 13 10 5.9868310000000005
263 13 11 0.118367
264 13 12 1.385257
265 13 14 0.0
266 13 15 287.390082
267 13 16 6.74539
268 13 17 0.260014
269 13 18 1.694586
270 13 19 72.662494
271 13 20 14.800631999999998
272 13 21 0.229873
273 13 22 43.386134
274 14 1 0.146314
275 14 2 0.027440999999999993
276 14 3 1.001422999999999
277 14 4 0.0029239999999999995
278 14 5 207.20817399999999
279 14 6 0.008997000000000005
280 14 7 0.085134
281 14 8 0.008097
282 14 9 0.058087
283 14 10 0.3073599999999992
284 14 11 0.0
285 14 12 0.0
286 14 13 0.016532000000000005
287 14 15 0.011190000000000033
288 14 16 0.0
289 14 17 0.13355
290 14 18 0.0
291 14 19 3.140573
292 14 20 0.0
293 14 21 0.004499
294 14 22 10.601674
295 15 1 2.884664000000001
296 15 2 37.681641
297 15 3 16.696638000000007
298 15 4 42.807178
299 15 5 298.47517700000003
300 15 6 3.345198
301 15 7 0.5387519999999997
302 15 8 0.46306499999999984
303 15 9 1.1670240000000005
304 15 10 21.235400999999996
305 15 11 0.16942499999999983
306 15 12 0.700529
307 15 13 0.52655
308 15 14 0.003374
309 15 16 0.004048999999999999
310 15 17 7.030483
311 15 18 2.350859999999999
312 15 19 257.933164
313 15 20 70.418361
314 15 21 87.49995799999999
315 15 22 79.42419199999999
316 16 1 456.099462
317 16 2 45.074141
318 16 3 1323.6945070000002
319 16 4 0.0
320 16 5 1010.6765750000001
321 16 6 35.838605
322 16 7 2.550144
323 16 8 21.847983999999997
324 16 9 35.422381
325 16 10 175.18879700000002
326 16 11 1.2484460000000013
327 16 12 37.286784999999995
328 16 13 0.06179899999999994
329 16 14 0.059155
330 16 15 0.04813399999999998
331 16 17 14.207504
332 16 18 59.36841
333 16 19 294.731862
334 16 20 29.450058
335 16 21 6.997982
336 16 22 2257.9600419999997
337 17 1 3.316858
338 17 2 0.33693700000000004
339 17 3 1.0074960000000002
340 17 4 0.0
341 17 5 24.821157
342 17 6 3.444166
343 17 7 2.872687
344 17 8 0.23397800000000002
345 17 9 1.307433
346 17 10 2.923912999999999
347 17 11 0.124046
348 17 12 0.20664899999999997
349 17 13 0.342055
350 17 14 0.0
351 17 15 29.319152000000003
352 17 16 11.367713
353 17 18 1.288821
354 17 19 518.295462
355 17 20 13.270467
356 17 21 0.0
357 17 22 4.377154999999999
358 18 1 3.9196
359 18 2 0.01242799999999998
360 18 3 20.187699999999992
361 18 4 17.32266
362 18 5 60.158966
363 18 6 3.110882
364 18 7 0.9634659999999999
365 18 8 0.164195
366 18 9 0.11904100000000001
367 18 10 3.145690000000002
368 18 11 0.236733
369 18 12 0.0
370 18 13 21.239787
371 18 14 0.0
372 18 15 1.0154239999999999
373 18 16 1.961909
374 18 17 0.09109400000000001
375 18 19 1514.2599129999999
376 18 20 1.169835
377 18 21 0.139172
378 18 22 107.6154
379 19 1 115.11901399999999
380 19 2 40.106446000000005
381 19 3 368.87245099999996
382 19 4 17.721846
383 19 5 505.822017
384 19 6 7.950089
385 19 7 59.393152
386 19 8 0.69991
387 19 9 1.0616460000000005
388 19 10 23.532729000000018
389 19 11 12.690553999999999
390 19 12 4.946102
391 19 13 2.304245
392 19 14 0.0
393 19 15 227.776953
394 19 16 24.296013000000002
395 19 17 49.0245
396 19 18 565.8679569999999
397 19 20 21.681259
398 19 21 16.091983
399 19 22 278.533432
400 20 1 3228.679071
401 20 2 4.238713
402 20 3 18.48079899999999
403 20 4 0.0
404 20 5 261.593819
405 20 6 0.4996149999999999
406 20 7 0.090644
407 20 8 3.6164020000000003
408 20 9 1.7441810000000002
409 20 10 338.182099
410 20 11 0.9779739999999999
411 20 12 0.0
412 20 13 2.3191460000000004
413 20 14 0.0
414 20 15 22.869932000000002
415 20 16 2.359914
416 20 17 0.62861
417 20 18 0.2480929999999999
418 20 19 164.012326
419 20 21 0.251803
420 20 22 2.1223929999999998
421 21 1 1.940373000000001
422 21 2 0.009109000000000006
423 21 3 0.8025329999999999
424 21 4 0.0
425 21 5 3.9899459999999998
426 21 6 0.010064999999999998
427 21 7 0.0
428 21 8 0.504845
429 21 9 0.08339099999999999
430 21 10 6.351209000000001
431 21 11 0.0
432 21 12 0.093569
433 21 13 0.0
434 21 14 0.0
435 21 15 5.009925
436 21 16 0.21154200000000012
437 21 17 0.0
438 21 18 0.141253
439 21 19 90.578901
440 21 20 2.770402
441 21 22 0.922192
442 22 1 3.5309299999999997
443 22 2 13.592672
444 22 3 432.931786
445 22 4 1.7231509999999988
446 22 5 571.8600739999999
447 22 6 6.990165000000001
448 22 7 43.453106000000005
449 22 8 3.593628
450 22 9 11.033925
451 22 10 2.4871090000000002
452 22 11 0.063654
453 22 12 4.7770150000000005
454 22 13 0.20856200000000003
455 22 14 0.016082
456 22 15 211.525723
457 22 16 68.28612799999999
458 22 17 6.302176
459 22 18 255.440656
460 22 19 986.9682339999999
461 22 20 41.432829
462 22 21 1.079809
