1 1 2 44.16434
2 1 3 206.44844
3 1 4 0.0
4 1 5 134.90646
5 1 6 1.7212778
6 1 7 0.18878222
7 1 8 156.99796
8 1 9 550.6213
9 1 10 1421.0074
10 1 11 0.11193359
11 1 12 636.9115
12 1 13 39.880554
13 1 14 0.20177434
14 1 15 15.024781
15 1 16 1.4013541
16 1 17 0.016902193
17 1 18 1.0049582
18 1 19 1398.6066
19 1 20 1259.3806
20 1 21 0.0075359056
21 1 22 4.084626
22 2 1 13.944038
23 2 3 216.2341
24 2 4 2.6085687
25 2 5 0.0
26 2 6 0.71006817
27 2 7 2.4559097
28 2 8 0.44352123
29 2 9 0.25349528
30 2 10 15.016667
31 2 11 0.36438504
32 2 12 1.6487762
33 2 13 0.14092302
34 2 14 0.31452072
35 2 15 31.555786
36 2 16 7.179763
37 2 17 0.0
38 2 18 0.0
39 2 19 421.09982
40 2 20 1.2926527
41 2 21 0.0
42 2 22 0.0
43 3 1 6745.303
44 3 2 8.016083
45 3 4 7.6049795
46 3 5 296.1535
47 3 6 4635.152
48 3 7 54.864975
49 3 8 4.406854
50 3 9 0.0
51 3 10 45.860558
52 3 11 3.0367186
53 3 12 11.534664
54 3 13 51.253895
55 3 14 0.5670234
56 3 15 125.83934
57 3 16 2.3143167
58 3 17 1.1898615
59 3 18 179.51328
60 3 19 11470.731
61 3 20 0.0
62 3 21 80.70989
63 3 22 55.502995
64 4 1 161.14177
65 4 2 0.31955594
66 4 3 3.3940248
67 4 5 23.509241
68 4 6 3.846092
69 4 7 15.789113
70 4 8 1.6295005
71 4 9 3.4671586
72 4 10 35.560837
73 4 11 0.19078927
74 4 12 0.10652469
75 4 13 0.11274107
76 4 14 0.9643638
77 4 15 54.585617
78 4 16 3.1332207
79 4 17 0.104991734
80 4 18 0.4516443
81 4 19 47.740124
82 4 20 0.0
83 4 21 0.01116181
84 4 22 5.3795257
85 5 1 964.98645
86 5 2 64.91769
87 5 3 151.49101
88 5 4 322.3257
89 5 6 82.1619
90 5 7 74.55842
91 5 8 40.092705
92 5 9 2.139815
93 5 10 138.27016
94 5 11 93.042015
95 5 12 97.67694
96 5 13 56.435295
97 5 14 0.0062228907
98 5 15 310.8312
99 5 16 50.259975
100 5 17 47.767242
101 5 18 89.867615
102 5 19 626.9089
103 5 20 1286.667
104 5 21 0.0
105 5 22 138.25885
106 6 1 52.34543
107 6 2 1.8668334
108 6 3 75.67051
109 6 4 2.8695033
110 6 5 230.15866
111 6 7 0.0
112 6 8 3.6733437
113 6 9 1.567513
114 6 10 27.009312
115 6 11 0.6643514
116 6 12 1.588954
117 6 13 4.5235233
118 6 14 0.19675347
119 6 15 18.96056
120 6 16 11.621763
121 6 17 4.0057964
122 6 18 4.076253
123 6 19 16.189432
124 6 20 1.5112216
125 6 21 0.3367553
126 6 22 50.41305
127 7 1 2.398343
128 7 2 2.8633199
129 7 3 79.42896
130 7 4 2.2028809
131 7 5 0.0
132 7 6 31.399899
133 7 8 4.3560634
134 7 9 0.8285463
135 7 10 2.1835425
136 7 11 0.4967114
137 7 12 0.67095256
138 7 13 0.5178406
139 7 14 0.0
140 7 15 19.533686
141 7 16 5.8359904
142 7 17 1.3167002
143 7 18 0.0
144 7 19 132.70474
145 7 20 1.0736094
146 7 21 0.0810717
147 7 22 31.84087
148 8 1 137.00784
149 8 2 0.9473595
150 8 3 67.32063
151 8 4 10.035154
152 8 5 6342.0347
153 8 6 8.454486
154 8 7 0.3565528
155 8 9 2.1349401
156 8 10 177.61208
157 8 11 0.34959215
158 8 12 0.72628313
159 8 13 9.145407
160 8 14 0.19324082
161 8 15 46.136387
162 8 16 2.9827936
163 8 17 0.5775277
164 8 18 1.3152431
165 8 19 214.15085
166 8 20 5.8692656
167 8 21 0.5355614
168 8 22 654.5728
169 9 1 5100.7793
170 9 2 0.04981919
171 9 3 44.01199
172 9 4 0.42082623
173 9 5 221.97696
174 9 6 0.3432673
175 9 7 0.63455796
176 9 8 0.066432215
177 9 10 628.0611
178 9 11 0.42600286
179 9 12 0.09985756
180 9 13 9.1333475
181 9 14 0.0
182 9 15 7.7087636
183 9 16 0.0
184 9 17 0.36233342
185 9 18 0.49514964
186 9 19 135.96313
187 9 20 9.202022
188 9 21 3.5583086
189 9 22 0.55588555
190 10 1 3808.813
191 10 2 10.532057
192 10 3 69.894264
193 10 4 0.40320668
194 10 5 668.679
195 10 6 0.43148023
196 10 7 0.24889359
197 10 8 0.3069741
198 10 9 540.9204
199 10 11 0.99608076
200 10 12 0.44750637
201 10 13 8.573501
202 10 14 0.44611567
203 10 15 35.513668
204 10 16 28.067781
205 10 17 1.3670962
206 10 18 1.0507625
207 10 19 233.64624
208 10 20 6.868791
209 10 21 3.1299644
210 10 22 0.663893
211 11 1 0.3479744
212 11 2 2.4911544
213 11 3 2.9901183
214 11 4 1.2237916
215 11 5 188.54607
216 11 6 24.763073
217 11 7 2.7477674
218 11 8 0.7452282
219 11 9 0.27655938
220 11 10 0.16580367
221 11 12 0.3838841
222 11 13 0.19361891
223 11 14 0.56616545
224 11 15 9.40691
225 11 16 16.061972
226 11 17 11.817216
227 11 18 0.10143243
228 11 19 4.029271
229 11 20 2.4012902
230 11 21 0.22592096
231 11 22 2.1187844
232 12 1 72.77466
233 12 2 0.49111354
234 12 3 3.0411096
235 12 4 0.07978241
236 12 5 316.6083
237 12 6 1.1175098
238 12 7 0.7441037
239 12 8 0.3909387
240 12 9 0.027283471
241 12 10 0.010068734
242 12 11 0.025389967
243 12 13 3.3669066
244 12 14 0.0076861135
245 12 15 13.555584
246 12 16 0.587113
247 12 17 0.014064728
248 12 18 0.011007258
249 12 19 8.622822
250 12 20 0.014207694
251 12 21 0.031598717
252 12 22 10.832307
253 13 1 273.42242
254 13 2 0.0
255 13 3 392.3987
256 13 4 4.983942
257 13 5 506.6531
258 13 6 17.61398
259 13 7 23.621346
260 13 8 4.7662477
261 13 9 0.7292786
262 13 10 6.764566
263 13 11 0.8436856
264 13 12 1.8090544
265 13 14 0.06525528
266 13 15 191.69849
267 13 16 21.080627
268 13 17 0.7852912
269 13 18 2.7042458
270 13 19 64.6723
271 13 20 4.523826
272 13 21 0.0
273 13 22 52.580574
274 14 1 0.083428115
275 14 2 0.2545378
276 14 3 1.2033666
277 14 4 0.09272019
278 14 5 242.17636
279 14 6 0.070268296
280 14 7 0.07787545
281 14 8 0.014723726
282 14 9 0.05428322
283 14 10 5.9666467
284 14 11 0.009705761
285 14 12 0.014392265
286 14 13 0.0
287 14 15 0.21621414
288 14 16 0.045979634
289 14 17 0.058100916
290 14 18 0.0
291 14 19 5.811247
292 14 20 0.02224711
293 14 21 0.017992275
294 14 22 16.476976
295 15 1 5.422218
296 15 2 27.131718
297 15 3 79.171265
298 15 4 36.824196
299 15 5 293.00763
300 15 6 2.7502515
301 15 7 0.0
302 15 8 0.79442865
303 15 9 0.9292346
304 15 10 13.201703
305 15 11 6.0137377
306 15 12 1.9291633
307 15 13 0.11533921
308 15 14 0.2708486
309 15 16 0.10200863
310 15 17 14.725521
311 15 18 10.69342
312 15 19 154.42607
313 15 20 59.409184
314 15 21 42.526623
315 15 22 83.913826
316 16 1 1458.7189
317 16 2 55.858425
318 16 3 442.2126
319 16 4 0.22318812
320 16 5 1074.5574
321 16 6 50.77324
322 16 7 2.933976
323 16 8 22.84476
324 16 9 29.637775
325 16 10 220.05139
326 16 11 0.0
327 16 12 72.79992
328 16 13 1.2126482
329 16 14 0.24397698
330 16 15 0.58721167
331 16 17 0.0
332 16 18 55.14169
333 16 19 288.9975
334 16 20 27.230585
335 16 21 8.342149
336 16 22 1331.6084
337 17 1 0.0
338 17 2 1.5365355
339 17 3 4.651288
340 17 4 0.0010024458
341 17 5 136.48442
342 17 6 3.0436401
343 17 7 0.0
344 17 8 0.7167097
345 17 9 0.039781015
346 17 10 4.7837014
347 17 11 0.80283856
348 17 12 0.29809633
349 17 13 0.5716852
350 17 14 0.57494
351 17 15 8.250999
352 17 16 12.490672
353 17 18 2.4257011
354 17 19 897.52655
355 17 20 0.0
356 17 21 0.0
357 17 22 17.780832
358 18 1 6.8997145
359 18 2 0.0132417595
360 18 3 30.045532
361 18 4 2.853006
362 18 5 75.0989
363 18 6 3.3248415
364 18 7 1.6122465
365 18 8 0.18897569
366 18 9 0.10918858
367 18 10 5.3780704
368 18 11 0.004839323
369 18 12 0.16045463
370 18 13 31.31118
371 18 14 1.0722466
372 18 15 3.55766
373 18 16 1.4144481
374 18 17 0.9324546
375 18 19 1326.0801
376 18 20 1.2794081
377 18 21 0.097521834
378 18 22 104.25465
379 19 1 71.059525
380 19 2 47.600925
381 19 3 403.14957
382 19 4 38.481415
383 19 5 800.0327
384 19 6 27.952854
385 19 7 58.33291
386 19 8 0.0
387 19 9 1.2731707
388 19 10 115.9751
389 19 11 40.879612
390 19 12 8.515615
391 19 13 3.3765454
392 19 14 0.02112915
393 19 15 286.2432
394 19 16 35.028057
395 19 17 92.087364
396 19 18 726.46814
397 19 20 29.288221
398 19 21 19.072136
399 19 22 653.2713
400 20 1 2362.2708
401 20 2 5.3563833
402 20 3 80.30806
403 20 4 0.48152855
404 20 5 284.36404
405 20 6 1.375091
406 20 7 0.14575115
407 20 8 1.194639
408 20 9 0.0
409 20 10 206.85207
410 20 11 0.26190972
411 20 12 0.21105456
412 20 13 1.4123164
413 20 14 0.123043366
414 20 15 12.502097
415 20 16 0.15921105
416 20 17 0.3205083
417 20 18 0.1585534
418 20 19 192.3466
419 20 21 0.71523225
420 20 22 7.210753
421 21 1 0.0
422 21 2 0.0
423 21 3 4.8669972
424 21 4 0.022774206
425 21 5 5.595151
426 21 6 0.28783146
427 21 7 0.42504296
428 21 8 0.36951718
429 21 9 0.28639185
430 21 10 0.0
431 21 11 0.040214214
432 21 12 0.22594665
433 21 13 0.162504
434 21 14 0.7557601
435 21 15 1.931122
436 21 16 0.41056177
437 21 17 0.00014985213
438 21 18 0.10070534
439 21 19 30.246147
440 21 20 6.0527143
441 21 22 1.0749112
442 22 1 8.174612
443 22 2 19.137981
444 22 3 1045.9235
445 22 4 5.6561275
446 22 5 352.62344
447 22 6 431.01434
448 22 7 69.666794
449 22 8 2.546066
450 22 9 1.6565957
451 22 10 42.033733
452 22 11 0.2263071
453 22 12 3.688484
454 22 13 0.91087013
455 22 14 0.02238637
456 22 15 243.64006
457 22 16 22.665598
458 22 17 9.167866
459 22 18 185.89165
460 22 19 1147.1548
461 22 20 32.972984
462 22 21 1.4439982
