1 1 2 77.17157
2 1 3 563.0345
3 1 4 0.0
4 1 5 82.58656
5 1 6 0.0
6 1 7 0.19958916
7 1 8 514.4893
8 1 9 1643.0717
9 1 10 4400.881
10 1 11 0.54875296
11 1 12 274.8646
12 1 13 133.22702
13 1 14 0.20177434
14 1 15 25.80735
15 1 16 2.8384702
16 1 17 0.016819304
17 1 18 0.0
18 1 19 2456.7866
19 1 20 4674.7734
20 1 21 0.0075359056
21 1 22 28.752117
22 2 1 4.2786283
23 2 3 498.92853
24 2 4 2.9679072
25 2 5 67.366165
26 2 6 28.345972
27 2 7 57.748795
28 2 8 1.3143477
29 2 9 0.7294555
30 2 10 34.75324
31 2 11 1.8606281
32 2 12 1.0673945
33 2 13 0.4747925
34 2 14 0.75568473
35 2 15 46.698784
36 2 16 7.844623
37 2 17 1.6618229
38 2 18 1.7561892
39 2 19 547.99274
40 2 20 5.349846
41 2 21 0.44124097
42 2 22 17.961239
43 3 1 5986.856
44 3 2 32.537945
45 3 4 0.0
46 3 5 845.18805
47 3 6 6950.8433
48 3 7 8152.1807
49 3 8 25.205893
50 3 9 0.0
51 3 10 35.070236
52 3 11 2.9087873
53 3 12 107.08493
54 3 13 67.41065
55 3 14 0.5670234
56 3 15 265.45007
57 3 16 31.77624
58 3 17 0.03276139
59 3 18 192.79092
60 3 19 3922.9382
61 3 20 147.99583
62 3 21 2.7561634
63 3 22 676.18427
64 4 1 134.14905
65 4 2 0.7133763
66 4 3 47.171425
67 4 5 70.679306
68 4 6 14.300084
69 4 7 48.147984
70 4 8 1.8194582
71 4 9 6.802018
72 4 10 24.5368
73 4 11 0.18145895
74 4 12 0.4513525
75 4 13 0.05620783
76 4 14 0.9643638
77 4 15 161.94415
78 4 16 7.977637
79 4 17 0.0
80 4 18 41.675106
81 4 19 34.45663
82 4 20 44.049572
83 4 21 0.01116181
84 4 22 17.15656
85 5 1 1971.8883
86 5 2 75.71511
87 5 3 332.24963
88 5 4 215.8735
89 5 6 139.46544
90 5 7 189.33319
91 5 8 268.61957
92 5 9 37.327034
93 5 10 226.44905
94 5 11 39.206463
95 5 12 290.89697
96 5 13 220.10263
97 5 14 0.029014476
98 5 15 412.77368
99 5 16 19.978872
100 5 17 0.44310394
101 5 18 135.47417
102 5 19 2125.8135
103 5 20 2519.0024
104 5 21 35.999584
105 5 22 602.73145
106 6 1 83.124405
107 6 2 5.4448156
108 6 3 257.34918
109 6 4 4.378405
110 6 5 207.81718
111 6 7 29.45732
112 6 8 3.4298172
113 6 9 1.741966
114 6 10 38.403015
115 6 11 2.3773587
116 6 12 1.8651066
117 6 13 174.29012
118 6 14 0.19952938
119 6 15 30.577053
120 6 16 9.902844
121 6 17 0.16287927
122 6 18 50.8883
123 6 19 46.817093
124 6 20 12.056235
125 6 21 1.3671757
126 6 22 30.043716
127 7 1 26.451715
128 7 2 55.91024
129 7 3 177.9311
130 7 4 32.10382
131 7 5 216.10211
132 7 6 12.828475
133 7 8 4.886814
134 7 9 3.198465
135 7 10 27.870268
136 7 11 1.5645001
137 7 12 0.7412249
138 7 13 14.822991
139 7 14 0.0
140 7 15 405.2735
141 7 16 22.713112
142 7 17 1.2189702
143 7 18 0.70290077
144 7 19 239.19
145 7 20 1.0607674
146 7 21 0.5287977
147 7 22 104.09958
148 8 1 341.12567
149 8 2 3.067488
150 8 3 681.07227
151 8 4 17.056686
152 8 5 8867.068
153 8 6 20.612894
154 8 7 0.11504375
155 8 9 9.354159
156 8 10 827.10535
157 8 11 0.52277255
158 8 12 0.28454307
159 8 13 9.14163
160 8 14 0.19415304
161 8 15 73.525665
162 8 16 13.181497
163 8 17 0.096054174
164 8 18 7.0220146
165 8 19 258.19525
166 8 20 22.26071
167 8 21 14.512859
168 8 22 77.41154
169 9 1 3601.135
170 9 2 0.4411966
171 9 3 1.0938648
172 9 4 0.42082623
173 9 5 247.09138
174 9 6 0.56337684
175 9 7 0.3766909
176 9 8 0.39054912
177 9 10 821.62463
178 9 11 0.5003884
179 9 12 0.06631379
180 9 13 4.9040103
181 9 14 0.0
182 9 15 6.0437145
183 9 16 4.9878488
184 9 17 0.01858882
185 9 18 0.43558046
186 9 19 76.19111
187 9 20 35.62659
188 9 21 2.4572237
189 9 22 4.361335
190 10 1 6648.635
191 10 2 5.7907147
192 10 3 78.49263
193 10 4 0.40320668
194 10 5 495.07828
195 10 6 0.6531249
196 10 7 0.16211234
197 10 8 0.74928975
198 10 9 833.2779
199 10 11 0.13473795
200 10 12 0.0
201 10 13 8.526023
202 10 14 0.44611567
203 10 15 66.43708
204 10 16 32.5715
205 10 17 0.07754753
206 10 18 1.8184577
207 10 19 384.97867
208 10 20 10.777475
209 10 21 4.3902483
210 10 22 0.0
211 11 1 0.1760267
212 11 2 14.259489
213 11 3 3.9023242
214 11 4 4.3194146
215 11 5 15.997833
216 11 6 60.557564
217 11 7 8.073325
218 11 8 0.6377027
219 11 9 1.8420331
220 11 10 3.0143123
221 11 12 0.59463257
222 11 13 0.58320403
223 11 14 0.56616545
224 11 15 21.063366
225 11 16 4.7538705
226 11 17 2.3406715
227 11 18 2.7456024
228 11 19 57.191242
229 11 20 1.2906199
230 11 21 1.5239048
231 11 22 1.3105075
232 12 1 41.429264
233 12 2 0.6323198
234 12 3 44.231365
235 12 4 0.3877394
236 12 5 410.9791
237 12 6 1.4492015
238 12 7 1.6132838
239 12 8 0.34638882
240 12 9 0.07643569
241 12 10 15.714239
242 12 11 0.037474077
243 12 13 11.351837
244 12 14 0.0076861135
245 12 15 2.4082813
246 12 16 2.5740347
247 12 17 0.013425144
248 12 18 0.057141982
249 12 19 10.812274
250 12 20 0.12766154
251 12 21 0.021444373
252 12 22 3.1727147
253 13 1 385.54163
254 13 2 18.227118
255 13 3 699.74396
256 13 4 7.024344
257 13 5 397.2277
258 13 6 34.39684
259 13 7 791.2024
260 13 8 3.9227905
261 13 9 1.4318959
262 13 10 49.96177
263 13 11 0.0
264 13 12 1.8650427
265 13 14 0.06525528
266 13 15 649.48834
267 13 16 13.469362
268 13 17 0.027266737
269 13 18 1.0322663
270 13 19 57.484978
271 13 20 3.6119907
272 13 21 0.78068054
273 13 22 15.404269
274 14 1 1.4370424
275 14 2 0.8155186
276 14 3 21.412302
277 14 4 0.053771567
278 14 5 351.33182
279 14 6 1.2700877
280 14 7 1.9563098
281 14 8 0.14479887
282 14 9 0.0
283 14 10 21.130316
284 14 11 0.096218735
285 14 12 0.031398
286 14 13 0.26355383
287 14 15 1.1216488
288 14 16 0.386992
289 14 17 0.83970785
290 14 18 0.056253746
291 14 19 6.7681575
292 14 20 0.01987247
293 14 21 0.12349703
294 14 22 5.400633
295 15 1 84.82608
296 15 2 68.104744
297 15 3 90.95086
298 15 4 183.95221
299 15 5 698.5297
300 15 6 22.799923
301 15 7 137.70093
302 15 8 1.1393949
303 15 9 22.796843
304 15 10 103.54754
305 15 11 0.0
306 15 12 0.79975575
307 15 13 1.9828594
308 15 14 0.26057684
309 15 16 0.0
310 15 17 49.70747
311 15 18 6.841071
312 15 19 716.496
313 15 20 57.38016
314 15 21 8.454912
315 15 22 126.06578
316 16 1 1701.5872
317 16 2 155.38217
318 16 3 1992.4993
319 16 4 0.22318812
320 16 5 1357.117
321 16 6 383.51666
322 16 7 0.8514199
323 16 8 20.03568
324 16 9 49.584297
325 16 10 345.47385
326 16 11 13.879969
327 16 12 53.004585
328 16 13 0.44802147
329 16 14 0.24950248
330 16 15 1.2755152
331 16 17 0.0
332 16 18 55.73162
333 16 19 298.1799
334 16 20 115.609
335 16 21 19.153055
336 16 22 1182.3246
337 17 1 1.6950705
338 17 2 7.678228
339 17 3 4.3095374
340 17 4 0.0010024458
341 17 5 153.74211
342 17 6 8.239938
343 17 7 5.757992
344 17 8 2.963525
345 17 9 5.74666
346 17 10 4.6809053
347 17 11 0.52308124
348 17 12 0.7151001
349 17 13 7.6473956
350 17 14 0.57494
351 17 15 148.7407
352 17 16 13.082454
353 17 18 6.2651186
354 17 19 164.31512
355 17 20 45.02171
356 17 21 0.0
357 17 22 15.988407
358 18 1 4.97671
359 18 2 0.4457488
360 18 3 123.344055
361 18 4 22.060034
362 18 5 53.23575
363 18 6 6.4744415
364 18 7 2.0234566
365 18 8 0.0
366 18 9 0.46171582
367 18 10 138.74069
368 18 11 0.10419343
369 18 12 0.14157157
370 18 13 47.29411
371 18 14 1.0722466
372 18 15 4.26692
373 18 16 2.1792984
374 18 17 0.9061909
375 18 19 1717.1854
376 18 20 2.2739027
377 18 21 0.25190234
378 18 22 71.11443
379 19 1 107.669495
380 19 2 49.650875
381 19 3 512.3974
382 19 4 239.62027
383 19 5 607.56995
384 19 6 67.736694
385 19 7 123.52308
386 19 8 3.4181533
387 19 9 33.533024
388 19 10 285.99557
389 19 11 193.13083
390 19 12 9.545525
391 19 13 5.5275855
392 19 14 0.0
393 19 15 302.48886
394 19 16 81.84223
395 19 17 12.824686
396 19 18 1288.5056
397 19 20 35.072083
398 19 21 52.4647
399 19 22 225.57552
400 20 1 5248.075
401 20 2 45.19319
402 20 3 592.0843
403 20 4 0.48152855
404 20 5 487.55765
405 20 6 1.1798718
406 20 7 0.113492966
407 20 8 2.1532605
408 20 9 9.6240635
409 20 10 662.9601
410 20 11 0.3737193
411 20 12 0.22251675
412 20 13 8.32114
413 20 14 0.123043366
414 20 15 32.456863
415 20 16 25.169888
416 20 17 0.00784775
417 20 18 0.862968
418 20 19 280.5216
419 20 21 0.7114166
420 20 22 6.059734
421 21 1 7.568147
422 21 2 4.0484433
423 21 3 1.2522
424 21 4 0.022774206
425 21 5 15.92044
426 21 6 1.5240213
427 21 7 0.46294546
428 21 8 0.30849597
429 21 9 0.0
430 21 10 2.5331874
431 21 11 0.104289465
432 21 12 0.0
433 21 13 0.16228315
434 21 14 0.7557601
435 21 15 10.754468
436 21 16 1.7021838
437 21 17 0.00014985213
438 21 18 0.3864954
439 21 19 10.004421
440 21 20 2.9844751
441 21 22 1.0424005
442 22 1 2.9826488
443 22 2 27.774286
444 22 3 427.77936
445 22 4 124.00853
446 22 5 321.35837
447 22 6 65.354294
448 22 7 139.08208
449 22 8 6.3738995
450 22 9 8.019507
451 22 10 45.697197
452 22 11 0.21626624
453 22 12 2.2055876
454 22 13 7.574011
455 22 14 5.176025
456 22 15 917.641
457 22 16 34.18544
458 22 17 7.0328994
459 22 18 1035.4684
460 22 19 1876.1975
461 22 20 38.097095
462 22 21 4.723556
