1 1 2 77.11252
2 1 3 416.19934
3 1 4 0.0
4 1 5 28.236805
5 1 6 0.47006312
6 1 7 0.19958916
7 1 8 266.54428
8 1 9 1017.74524
9 1 10 2284.1538
10 1 11 0.12619567
11 1 12 615.0406
12 1 13 44.616936
13 1 14 0.20177434
14 1 15 23.621138
15 1 16 5.236632
16 1 17 0.0
17 1 18 0.90261185
18 1 19 1427.5962
19 1 20 3327.586
20 1 21 0.0075359056
21 1 22 14.549353
22 2 1 0.0
23 2 3 217.6323
24 2 4 1.2676214
25 2 5 60.150097
26 2 6 11.314973
27 2 7 11.752573
28 2 8 0.17504293
29 2 9 1.7322315
30 2 10 4.6577716
31 2 11 0.53943026
32 2 12 0.82193387
33 2 13 0.08053379
34 2 14 0.31452072
35 2 15 9.105381
36 2 16 5.7397356
37 2 17 0.0
38 2 18 0.0
39 2 19 346.76776
40 2 20 1.348556
41 2 21 0.40287754
42 2 22 6.2031045
43 3 1 75.84854
44 3 2 14.375182
45 3 4 3.4260547
46 3 5 311.93243
47 3 6 150.29713
48 3 7 48.10973
49 3 8 32.107243
50 3 9 2.7651885
51 3 10 57.974533
52 3 11 3.0801086
53 3 12 11.988047
54 3 13 31.282331
55 3 14 0.5670234
56 3 15 15.569984
57 3 16 1.9441066
58 3 17 1.1365609
59 3 18 0.0
60 3 19 0.0
61 3 20 3.1595104
62 3 21 10.777259
63 3 22 124.77054
64 4 1 64.73324
65 4 2 2.3700733
66 4 3 3.4826536
67 4 5 90.99945
68 4 6 4.5070877
69 4 7 1.1716375
70 4 8 1.3410102
71 4 9 11.073222
72 4 10 9.895904
73 4 11 0.16130292
74 4 12 0.058931045
75 4 13 0.042316403
76 4 14 0.9643638
77 4 15 49.651302
78 4 16 6.967549
79 4 17 0.09428449
80 4 18 0.25891492
81 4 19 17.754593
82 4 20 30.083292
83 4 21 0.01116181
84 4 22 1.9035206
85 5 1 888.5915
86 5 2 55.18611
87 5 3 143.56749
88 5 4 75.92679
89 5 6 52.02496
90 5 7 61.562138
91 5 8 204.58755
92 5 9 15.68166
93 5 10 65.69245
94 5 11 19.855364
95 5 12 129.13303
96 5 13 56.074703
97 5 14 0.01680159
98 5 15 493.20496
99 5 16 60.87736
100 5 17 7.1491613
101 5 18 112.40292
102 5 19 1182.7096
103 5 20 2875.264
104 5 21 7.641825
105 5 22 318.36987
106 6 1 60.402027
107 6 2 1.9659009
108 6 3 91.77762
109 6 4 4.7899103
110 6 5 279.04065
111 6 7 9.135158
112 6 8 3.7927692
113 6 9 1.51195
114 6 10 27.704435
115 6 11 0.75383776
116 6 12 2.3592155
117 6 13 1.2109249
118 6 14 0.19675347
119 6 15 44.98628
120 6 16 9.449346
121 6 17 3.078869
122 6 18 14.351804
123 6 19 2.5789304
124 6 20 8.920574
125 6 21 1.9164268
126 6 22 6.663512
127 7 1 1.3630713
128 7 2 1.4317534
129 7 3 15.06762
130 7 4 3.2263546
131 7 5 28.973957
132 7 6 31.6272
133 7 8 3.1885054
134 7 9 0.0
135 7 10 2.2824826
136 7 11 1.7435721
137 7 12 0.55139893
138 7 13 3.0424948
139 7 14 0.0
140 7 15 731.3314
141 7 16 9.3338175
142 7 17 0.0
143 7 18 0.3590112
144 7 19 47.21287
145 7 20 1.8027757
146 7 21 0.13068536
147 7 22 38.89392
148 8 1 152.94398
149 8 2 4.0838637
150 8 3 492.91357
151 8 4 5.942543
152 8 5 7286.908
153 8 6 6.529192
154 8 7 0.11504375
155 8 9 2.7048109
156 8 10 719.9871
157 8 11 0.37918594
158 8 12 0.8896132
159 8 13 9.592467
160 8 14 0.19324082
161 8 15 79.27468
162 8 16 4.713355
163 8 17 2.8882632
164 8 18 0.1143054
165 8 19 327.4318
166 8 20 8.525108
167 8 21 1.3150495
168 8 22 79.56229
169 9 1 3270.306
170 9 2 0.11522118
171 9 3 16.206413
172 9 4 0.42082623
173 9 5 269.01425
174 9 6 1.2898687
175 9 7 0.3766909
176 9 8 0.0
177 9 10 782.5059
178 9 11 0.39690804
179 9 12 0.16233297
180 9 13 8.424997
181 9 14 0.0
182 9 15 5.508712
183 9 16 3.9380825
184 9 17 0.08736964
185 9 18 0.24890774
186 9 19 118.01573
187 9 20 19.549107
188 9 21 1.4340273
189 9 22 0.89905995
190 10 1 5790.2144
191 10 2 1.6888288
192 10 3 89.76105
193 10 4 0.40320668
194 10 5 599.293
195 10 6 4.3948817
196 10 7 0.16211234
197 10 8 0.71490955
198 10 9 1022.77026
199 10 11 1.8213332
200 10 12 0.67444813
201 10 13 12.78727
202 10 14 0.44611567
203 10 15 13.614632
204 10 16 12.152598
205 10 17 1.1804482
206 10 18 0.44062296
207 10 19 232.95601
208 10 20 6.3739066
209 10 21 0.0
210 10 22 3.6677635
211 11 1 0.0
212 11 2 0.8875851
213 11 3 3.4657867
214 11 4 0.0
215 11 5 1.6639044
216 11 6 1.8573743
217 11 7 2.8682952
218 11 8 0.70315486
219 11 9 0.33523142
220 11 10 5.7840543
221 11 12 0.7948631
222 11 13 0.1963996
223 11 14 0.56616545
224 11 15 8.414567
225 11 16 0.91940403
226 11 17 4.348248
227 11 18 0.0
228 11 19 42.979725
229 11 20 0.0
230 11 21 0.8589984
231 11 22 0.9176674
232 12 1 0.0
233 12 2 0.6833432
234 12 3 18.548292
235 12 4 0.08121917
236 12 5 255.40047
237 12 6 1.0950481
238 12 7 1.5912248
239 12 8 1.2084683
240 12 9 0.0
241 12 10 13.8556795
242 12 11 0.051156662
243 12 13 4.6657486
244 12 14 0.0076861135
245 12 15 8.167484
246 12 16 1.8406423
247 12 17 0.16514526
248 12 18 0.07288218
249 12 19 10.596169
250 12 20 0.49917606
251 12 21 0.040527277
252 12 22 2.507783
253 13 1 75.275955
254 13 2 107.97195
255 13 3 219.60226
256 13 4 19.004707
257 13 5 564.3797
258 13 6 10.95454
259 13 7 0.0
260 13 8 3.6715922
261 13 9 1.208175
262 13 10 30.603605
263 13 11 1.610267
264 13 12 2.7196915
265 13 14 0.06525528
266 13 15 458.25626
267 13 16 11.480281
268 13 17 1.9338777
269 13 18 0.0
270 13 19 206.37491
271 13 20 3.3323815
272 13 21 0.0
273 13 22 48.042015
274 14 1 0.018457983
275 14 2 0.0
276 14 3 19.145811
277 14 4 0.15193833
278 14 5 427.8706
279 14 6 0.0
280 14 7 0.0825902
281 14 8 0.0011522034
282 14 9 0.007389417
283 14 10 24.234533
284 14 11 0.021788565
285 14 12 0.0072838343
286 14 13 0.16449456
287 14 15 0.9534395
288 14 16 0.0
289 14 17 0.30705282
290 14 18 0.0050343983
291 14 19 9.629166
292 14 20 0.05198601
293 14 21 0.109557174
294 14 22 3.2250385
295 15 1 46.58514
296 15 2 43.66437
297 15 3 91.50431
298 15 4 37.803123
299 15 5 2855.572
300 15 6 5.1682434
301 15 7 6.974492
302 15 8 3.201954
303 15 9 5.946895
304 15 10 28.832834
305 15 11 9.341792
306 15 12 1.7266095
307 15 13 0.6167272
308 15 14 0.26057684
309 15 16 0.07748908
310 15 17 42.707294
311 15 18 21.147259
312 15 19 250.46921
313 15 20 40.51889
314 15 21 5.7860255
315 15 22 252.65309
316 16 1 1404.557
317 16 2 100.59213
318 16 3 2331.391
319 16 4 0.22318812
320 16 5 879.7243
321 16 6 87.954056
322 16 7 1.4981331
323 16 8 9.128551
324 16 9 41.638603
325 16 10 157.11658
326 16 11 0.0
327 16 12 28.572777
328 16 13 4.628711
329 16 14 0.2497125
330 16 15 1.1382233
331 16 17 26.917538
332 16 18 27.426846
333 16 19 257.97067
334 16 20 101.434654
335 16 21 8.145727
336 16 22 1851.7451
337 17 1 7.111677
338 17 2 2.0219328
339 17 3 10.007217
340 17 4 0.0010024458
341 17 5 79.11025
342 17 6 6.009005
343 17 7 2.0980024
344 17 8 0.5598164
345 17 9 14.373087
346 17 10 14.231402
347 17 11 0.19732155
348 17 12 1.2174147
349 17 13 0.04948364
350 17 14 0.57494
351 17 15 79.33902
352 17 16 14.474082
353 17 18 6.076443
354 17 19 150.95137
355 17 20 41.137688
356 17 21 0.0
357 17 22 6.344768
358 18 1 3.9255142
359 18 2 0.13382189
360 18 3 134.75003
361 18 4 8.037523
362 18 5 54.260807
363 18 6 9.802744
364 18 7 1.1821036
365 18 8 0.0
366 18 9 0.20178801
367 18 10 155.02779
368 18 11 0.038634792
369 18 12 0.048287705
370 18 13 20.281967
371 18 14 1.0722466
372 18 15 2.7138462
373 18 16 3.9226258
374 18 17 0.96682394
375 18 19 1461.8508
376 18 20 11.052898
377 18 21 0.1062472
378 18 22 99.5905
379 19 1 66.49316
380 19 2 25.685707
381 19 3 314.70554
382 19 4 47.644333
383 19 5 629.20905
384 19 6 25.569845
385 19 7 18.61062
386 19 8 1.7184615
387 19 9 13.984644
388 19 10 463.14676
389 19 11 97.32865
390 19 12 8.531166
391 19 13 2.1946762
392 19 14 0.01748718
393 19 15 391.09027
394 19 16 24.366098
395 19 17 85.517296
396 19 18 740.9287
397 19 20 0.0
398 19 21 10.76618
399 19 22 102.471306
400 20 1 4580.809
401 20 2 1.5651686
402 20 3 487.80167
403 20 4 0.48152855
404 20 5 315.01273
405 20 6 2.0544024
406 20 7 0.113492966
407 20 8 0.28972432
408 20 9 45.75555
409 20 10 995.1295
410 20 11 0.43533358
411 20 12 0.0087429825
412 20 13 4.7262263
413 20 14 0.123043366
414 20 15 29.4213
415 20 16 14.31455
416 20 17 0.7933617
417 20 18 3.2891572
418 20 19 164.89288
419 20 21 2.6347778
420 20 22 10.911921
421 21 1 27.73038
422 21 2 0.72279876
423 21 3 1.9081279
424 21 4 0.022774206
425 21 5 10.972445
426 21 6 0.26085338
427 21 7 0.46294546
428 21 8 0.23238653
429 21 9 0.80102336
430 21 10 49.02209
431 21 11 0.071265146
432 21 12 0.12251647
433 21 13 0.16275461
434 21 14 0.7557601
435 21 15 0.0
436 21 16 1.617385
437 21 17 0.00014985213
438 21 18 0.4442851
439 21 19 3.5642595
440 21 20 1.8857682
441 21 22 0.13680197
442 22 1 2.2049139
443 22 2 1.6762987
444 22 3 218.66171
445 22 4 10.680645
446 22 5 303.71085
447 22 6 22.254526
448 22 7 248.13388
449 22 8 7.9275556
450 22 9 2.9041417
451 22 10 5.1279736
452 22 11 0.3305776
453 22 12 5.8470173
454 22 13 0.3268369
455 22 14 0.027504636
456 22 15 168.55173
457 22 16 37.863274
458 22 17 10.113636
459 22 18 408.90103
460 22 19 1023.08466
461 22 20 24.447731
462 22 21 0.61295253
