1 1 2 69.249594
2 1 3 400.013326
3 1 4 0.0
4 1 5 118.279661
5 1 6 0.04369200000000001
6 1 7 0.0
7 1 8 290.82052699999997
8 1 9 1109.06313
9 1 10 2307.1146049999998
10 1 11 0.277333
11 1 12 404.930245
12 1 13 45.436664
13 1 14 0.0
14 1 15 18.731366
15 1 16 7.256814
16 1 17 0.0
17 1 18 0.17673499999999998
18 1 19 1334.176633
19 1 20 3477.783082
20 1 21 0.0
21 1 22 6.0372699999999995
22 2 1 0.730051
23 2 3 0.9224180000000004
24 2 4 0.008660000000000001
25 2 5 29.678301
26 2 6 27.449911999999998
27 2 7 26.876634
28 2 8 0.340424
29 2 9 0.003148999999999999
30 2 10 0.020750000000000046
31 2 11 0.0
32 2 12 0.812935
33 2 13 0.173867
34 2 14 0.0
35 2 15 13.74011
36 2 16 3.382536
37 2 17 27.996648999999998
38 2 18 0.008941000000000004
39 2 19 621.806936
40 2 20 0.195909
41 2 21 0.0051169999999999966
42 2 22 4.580711
43 3 1 224.047077
44 3 2 1.955385999999999
45 3 4 0.697773
46 3 5 350.72021099999995
47 3 6 9.886075000000005
48 3 7 69.903957
49 3 8 15.022914
50 3 9 1.89938
51 3 10 49.096869999999996
52 3 11 2.1918379999999997
53 3 12 2.672672
54 3 13 1.492771
55 3 14 0.0
56 3 15 10.281099999999995
57 3 16 2.418787
58 3 17 0.6602110000000001
59 3 18 2.795312999999993
60 3 19 4.580991999999924
61 3 20 0.7036220000000002
62 3 21 15.771858000000002
63 3 22 73.147827
64 4 1 117.25434
65 4 2 0.004274
66 4 3 1.073061
67 4 5 229.92616900000002
68 4 6 0.521039
69 4 7 0.527337
70 4 8 0.09863
71 4 9 40.747932
72 4 10 11.596013
73 4 11 0.010908999999999999
74 4 12 0.084347
75 4 13 0.0
76 4 14 0.0
77 4 15 44.48152
78 4 16 5.680089
79 4 17 0.084347
80 4 18 0.303537
81 4 19 1.2649790000000003
82 4 20 4.863498
83 4 21 0.0
84 4 22 0.9723510000000002
85 5 1 677.455985
86 5 2 43.792068
87 5 3 89.693089
88 5 4 94.74282600000001
89 5 6 44.872833
90 5 7 33.5293
91 5 8 255.23468100000002
92 5 9 15.347481
93 5 10 80.907629
94 5 11 36.301950999999995
95 5 12 184.75694
96 5 13 48.759989000000004
97 5 14 0.0
98 5 15 368.07525999999996
99 5 16 62.103274
100 5 17 4.509692
101 5 18 111.862042
102 5 19 1120.247024
103 5 20 2138.480688
104 5 21 2.8828639999999996
105 5 22 312.793851
106 6 1 50.618825
107 6 2 1.421976
108 6 3 52.885283
109 6 4 3.255959
110 6 5 247.71774200000002
111 6 7 854.374455
112 6 8 1.240968
113 6 9 0.20726899999999993
114 6 10 30.908921999999997
115 6 11 0.06691599999999998
116 6 12 1.3289140000000002
117 6 13 8.899891
118 6 14 0.0
119 6 15 67.39773
120 6 16 7.280543
121 6 17 0.545387
122 6 18 11.623959
123 6 19 5.530457
124 6 20 5.352429
125 6 21 0.42111600000000005
126 6 22 12.882301999999996
127 7 1 0.7461890000000002
128 7 2 13.980611
129 7 3 8.708704999999998
130 7 4 0.592228
131 7 5 25.454039
132 7 6 32.684087
133 7 8 3.310785
134 7 9 3.68551
135 7 10 4.545286
136 7 11 1.118721
137 7 12 0.722404
138 7 13 5.363957
139 7 14 0.0
140 7 15 975.450272
141 7 16 7.03262
142 7 17 1.065639
143 7 18 0.039698999999999984
144 7 19 43.574059000000005
145 7 20 3.696643
146 7 21 0.21097900000000003
147 7 22 14.656343
148 8 1 174.595894
149 8 2 3.440791
150 8 3 397.682316
151 8 4 1.4639250000000001
152 8 5 6339.403443
153 8 6 5.138975
154 8 7 0.0
155 8 9 2.004476
156 8 10 706.001732
157 8 11 0.935351
158 8 12 0.568498
159 8 13 19.471032
160 8 14 0.0
161 8 15 55.086737
162 8 16 4.358936
163 8 17 1.549677
164 8 18 0.5276179999999999
165 8 19 489.968848
166 8 20 6.791893999999999
167 8 21 1.405219
168 8 22 21.954149
169 9 1 3268.422095
170 9 2 0.088171
171 9 3 19.248694
172 9 4 0.0
173 9 5 293.750682
174 9 6 1.016492
175 9 7 0.0
176 9 8 0.107401
177 9 10 989.47092
178 9 11 0.047628
179 9 12 0.002249
180 9 13 5.253463
181 9 14 0.0
182 9 15 2.452076
183 9 16 2.1627099999999997
184 9 17 0.021536
185 9 18 0.028284000000000004
186 9 19 82.32938
187 9 20 17.79759
188 9 21 0.0045540000000000025
189 9 22 0.31888800000000006
190 10 1 5582.782717
191 10 2 0.284474
192 10 3 90.453168
193 10 4 0.0
194 10 5 514.612763
195 10 6 4.544948
196 10 7 0.0
197 10 8 0.40121
198 10 9 833.438711
199 10 11 0.209406
200 10 12 0.258608
201 10 13 13.206926
202 10 14 0.0
203 10 15 17.830935
204 10 16 4.518463000000001
205 10 17 0.522051
206 10 18 0.7364609999999999
207 10 19 276.828669
208 10 20 19.783453
209 10 21 2.328424
210 10 22 4.716285
211 11 1 0.003149
212 11 2 0.010739999999999972
213 11 3 1.847366
214 11 4 0.009447000000000011
215 11 5 5.2652709999999985
216 11 6 0.9969239999999999
217 11 7 0.566699
218 11 8 0.375737
219 11 9 0.007872000000000004
220 11 10 0.597907
221 11 12 0.28863500000000003
222 11 13 0.079848
223 11 14 0.0
224 11 15 4.912758
225 11 16 3.97898
226 11 17 0.40346000000000004
227 11 18 0.08766499999999999
228 11 19 23.410089
229 11 20 0.6588050000000001
230 11 21 9.161423
231 11 22 13.028785
232 12 1 16.982349
233 12 2 1.323178
234 12 3 21.647745
235 12 4 0.11336299999999999
236 12 5 249.52135900000002
237 12 6 1.2312400000000001
238 12 7 0.264793
239 12 8 0.26389300000000004
240 12 9 0.017657
241 12 10 14.068781999999999
242 12 11 0.020975
243 12 13 7.907184000000001
244 12 14 0.0
245 12 15 5.838549
246 12 16 1.013794
247 12 17 0.084347
248 12 18 0.239095
249 12 19 9.988022
250 12 20 0.992594
251 12 21 0.0
252 12 22 2.16929
253 13 1 86.247743
254 13 2 63.94068700000001
255 13 3 113.732013
256 13 4 6.300995
257 13 5 678.860867
258 13 6 8.967649999999999
259 13 7 3.651489999999999
260 13 8 7.2507969999999995
261 13 9 1.931769
262 13 10 26.29166
263 13 11 0.062248
264 13 12 1.660509
265 13 14 0.0
266 13 15 390.201195
267 13 16 25.636902999999997
268 13 17 1.325708
269 13 18 0.314839
270 13 19 30.149126
271 13 20 1.9696129999999998
272 13 21 0.148451
273 13 22 44.580374
274 14 1 0.949634
275 14 2 0.24961100000000003
276 14 3 12.029837
277 14 4 0.0
278 14 5 340.160259
279 14 6 0.005398
280 14 7 0.070795
281 14 8 0.002249
282 14 9 0.0
283 14 10 26.160923
284 14 11 0.0
285 14 12 0.0
286 14 13 0.053363999999999995
287 14 15 0.56698
288 14 16 0.17881599999999997
289 14 17 0.090195
290 14 18 0.0
291 14 19 9.501341
292 14 20 0.110888
293 14 21 0.0
294 14 22 2.069592
295 15 1 32.391628
296 15 2 59.036646
297 15 3 96.900195
298 15 4 404.232246
299 15 5 3579.280971
300 15 6 7.661735
301 15 7 5.769947
302 15 8 8.086563
303 15 9 2.75342
304 15 10 27.511091
305 15 11 0.5175529999999999
306 15 12 2.292943
307 15 13 0.369439
308 15 14 0.0
309 15 16 0.0
310 15 17 15.937685000000002
311 15 18 20.513166
312 15 19 279.159623
313 15 20 53.977238
314 15 21 0.8298049999999999
315 15 22 131.155328
316 16 1 749.122568
317 16 2 93.643055
318 16 3 1404.0423529999998
319 16 4 0.0
320 16 5 655.469784
321 16 6 58.571838
322 16 7 0.976062
323 16 8 7.20435
324 16 9 28.955167
325 16 10 164.616868
326 16 11 6.9063240000000015
327 16 12 74.531228
328 16 13 0.456992
329 16 14 0.0
330 16 15 1.289271
331 16 17 31.653537
332 16 18 30.985228
333 16 19 259.68870400000003
334 16 20 84.690925
335 16 21 5.739413000000001
336 16 22 1603.969927
337 17 1 4.687326
338 17 2 0.978312
339 17 3 2.981044
340 17 4 0.0
341 17 5 75.258917
342 17 6 3.5551649999999997
343 17 7 2.8205609999999997
344 17 8 2.239579
345 17 9 34.092568
346 17 10 5.112716
347 17 11 0.009222000000000008
348 17 12 0.567261
349 17 13 0.015519999999999978
350 17 14 0.0
351 17 15 120.326029
352 17 16 11.867270999999999
353 17 18 4.454529
354 17 19 147.21733899999998
355 17 20 27.619954999999997
356 17 21 0.0
357 17 22 13.181734
358 18 1 2.541428
359 18 2 0.341773
360 18 3 157.36146
361 18 4 5.408548
362 18 5 56.685223
363 18 6 2.282202
364 18 7 0.708345
365 18 8 0.34638500000000005
366 18 9 0.497197
367 18 10 111.537982
368 18 11 0.012596
369 18 12 0.01552
370 18 13 18.905458
371 18 14 0.0
372 18 15 6.259945
373 18 16 0.379729
374 18 17 0.506981
375 18 19 1483.662061
376 18 20 12.881965000000001
377 18 21 0.014002
378 18 22 89.54745
379 19 1 78.621884
380 19 2 35.156295
381 19 3 257.90696
382 19 4 29.294185
383 19 5 488.26819
384 19 6 13.415431
385 19 7 11.754021999999999
386 19 8 0.9396249999999999
387 19 9 10.144234
388 19 10 379.289912
389 19 11 55.904115
390 19 12 4.44064
391 19 13 2.933811
392 19 14 0.0
393 19 15 492.24272799999994
394 19 16 75.578423
395 19 17 65.192789
396 19 18 519.4016429999999
397 19 20 130.899869
398 19 21 28.359059000000002
399 19 22 60.993325
400 20 1 4298.197225
401 20 2 0.011245999999999978
402 20 3 445.604289
403 20 4 0.0
404 20 5 387.293589
405 20 6 0.06792700000000007
406 20 7 0.0
407 20 8 0.209293
408 20 9 24.785674
409 20 10 748.387287
410 20 11 0.023561
411 20 12 0.201251
412 20 13 4.816771
413 20 14 0.0
414 20 15 15.536304999999999
415 20 16 6.273498
416 20 17 3.7024359999999996
417 20 18 3.001738
418 20 19 217.31478800000002
419 20 21 0.21047400000000005
420 20 22 4.297812
421 21 1 4.434623
422 21 2 0.00573499999999999
423 21 3 1.291183
424 21 4 0.0
425 21 5 5.406974
426 21 6 1.2187009999999998
427 21 7 0.0
428 21 8 0.167119
429 21 9 0.002699000000000007
430 21 10 20.378774
431 21 11 0.212329
432 21 12 0.084347
433 21 13 0.0
434 21 14 0.0
435 21 15 2.77327
436 21 16 0.497984
437 21 17 0.0
438 21 18 0.002923999999999982
439 21 19 1.515208
440 21 20 1.5170629999999998
441 21 22 0.595433
442 22 1 0.873272
443 22 2 5.663050999999999
444 22 3 203.325629
445 22 4 2.548064
446 22 5 124.17775900000001
447 22 6 11.029201
448 22 7 423.27249100000006
449 22 8 7.186412
450 22 9 0.8125979999999999
451 22 10 7.347234
452 22 11 0.269854
453 22 12 2.8772979999999997
454 22 13 1.09516
455 22 14 0.002699
456 22 15 126.045367
457 22 16 26.432800999999998
458 22 17 7.931702
459 22 18 383.683316
460 22 19 997.498777
461 22 20 24.046064
462 22 21 1.1555520000000001
