1 1 2 60.423718362506676
2 1 3 232.80932702731775
3 1 4 0.0
4 1 5 50.4330821832493
5 1 6 0.6615055496721005
6 1 7 4.880602041822934
7 1 8 0.5824778704076559
8 1 9 20.992587590257436
9 1 10 35.279969937176624
10 1 11 0.28540002975652295
11 1 12 9.197761333707787
12 1 13 21.110039065143763
13 1 14 0.0
14 1 15 10.750744901586934
15 1 16 37.30402446620858
16 1 17 0.0
17 1 18 0.9543314989438301
18 1 19 41.11296684889474
19 1 20 5.498214418385812
20 1 21 0.0
21 1 22 9.310481590042238
22 2 1 146.14036950881447
23 2 3 0.11189624336464389
24 2 4 0.059257156612514454
25 2 5 11.692156719491416
26 2 6 33.92610598603083
27 2 7 60.156548708352375
28 2 8 0.633301477211297
29 2 9 0.0
30 2 10 3.6483126321423462
31 2 11 0.3851505525438669
32 2 12 0.194231510916723
33 2 13 4.902387775795335
34 2 14 0.0
35 2 15 3.466115358253846
36 2 16 245.6721680459321
37 2 17 2.3097301515998274
38 2 18 0.0
39 2 19 126.1830848571311
40 2 20 0.3237895387631989
41 2 21 0.007829975649014845
42 2 22 2.183255593423985
43 3 1 233.54785818189936
44 3 2 0.8807575407374836
45 3 4 12.609333941753304
46 3 5 147.67965121927685
47 3 6 46.666859498978695
48 3 7 52.803169945090836
49 3 8 17.706621751314962
50 3 9 0.1673413254644193
51 3 10 2.5546737772501147
52 3 11 1.1286222942981066
53 3 12 1.0985001765508067
54 3 13 337.0447287262594
55 3 14 0.0
56 3 15 1.982375857812917
57 3 16 96.30689007898174
58 3 17 31.254199605157776
59 3 18 169.72088146934865
60 3 19 126.76468994991525
61 3 20 6.189787123017444
62 3 21 31.923152726521852
63 3 22 68.9613587087668
64 4 1 0.0
65 4 2 1.686156784967242
66 4 3 18.40695243181539
67 4 5 20.88941722290786
68 4 6 14.783577216158385
69 4 7 1.138314810284469
70 4 8 0.29360787753677986
71 4 9 5.535006557510013
72 4 10 1.739739270100642
73 4 11 0.2570355487831567
74 4 12 0.007553771433980662
75 4 13 9.092675414378597
76 4 14 0.0
77 4 15 49.82689015334912
78 4 16 51.74435027943593
79 4 17 0.0
80 4 18 2.761000355561716
81 4 19 8.787981067244264
82 4 20 8.517610505358691
83 4 21 0.0
84 4 22 39.514838020846206
85 5 1 29.260572179170133
86 5 2 0.0
87 5 3 29.94977689416125
88 5 4 26.493224106012708
89 5 6 0.0
90 5 7 192.02476006419784
91 5 8 0.0
92 5 9 593.3447826549294
93 5 10 4286.790636369676
94 5 11 6.094697704792494
95 5 12 0.0
96 5 13 256.21647712043927
97 5 14 7.31164775256973e-18
98 5 15 0.0
99 5 16 0.0
100 5 17 193.4816629609339
101 5 18 76.21500568565098
102 5 19 2230.0915156818423
103 5 20 0.0
104 5 21 4.223550374460207
105 5 22 324.88084396699463
106 6 1 5.956100804308605
107 6 2 3.3555109183269995
108 6 3 58.975840125740994
109 6 4 25.94802678364913
110 6 5 0.0
111 6 7 55.36526281033595
112 6 8 11.9600375556419
113 6 9 0.334745047384415
114 6 10 3.2029157411393046
115 6 11 1.0386650950984744
116 6 12 0.9504858889154175
117 6 13 137.56585218128754
118 6 14 0.0
119 6 15 14.450830139094833
120 6 16 0.0
121 6 17 0.0
122 6 18 104.79380242648195
123 6 19 72.76666907388632
124 6 20 6.3901614241948135
125 6 21 22.754935418266967
126 6 22 51.307864502384014
127 7 1 13.091759331966232
128 7 2 3.0720452714577653
129 7 3 121.36193525180983
130 7 4 11.933176781075632
131 7 5 46.201316205240126
132 7 6 31.775568643342435
133 7 8 0.4741182085398416
134 7 9 0.5081114298953773
135 7 10 13.019656130934079
136 7 11 0.9463424891558729
137 7 12 6.947406786863828
138 7 13 13.98031561013343
139 7 14 0.0
140 7 15 5.123192250498767
141 7 16 90.79929817737856
142 7 17 40.56076927272125
143 7 18 4.193775752405405
144 7 19 26.456511758749922
145 7 20 5.60550716887106
146 7 21 0.7233441423153213
147 7 22 81.80915177604744
148 8 1 5.781497102253205
149 8 2 2.1320353681579776
150 8 3 6.604356634097622
151 8 4 11.609829691179124
152 8 5 0.0
153 8 6 4.869420233651648
154 8 7 6.020117920671846
155 8 9 4.694736174507529
156 8 10 11.937420231751373
157 8 11 0.8032079556817969
158 8 12 0.34254276612502804
159 8 13 84.52259493950474
160 8 14 0.0
161 8 15 0.0
162 8 16 0.0
163 8 17 8.289876042416576
164 8 18 3.5601906852813867
165 8 19 818.0926185926565
166 8 20 15.874951895891197
167 8 21 3.033971418740289
168 8 22 0.0
169 9 1 3.257063072549494
170 9 2 0.2609328484517841
171 9 3 0.0
172 9 4 6.574777593604157
173 9 5 0.0
174 9 6 1.2862272773180712
175 9 7 0.23537109926003677
176 9 8 7.588518650992552
177 9 10 0.0
178 9 11 0.0014538929808121618
179 9 12 0.06942259288185192
180 9 13 3.466193332667719
181 9 14 0.0
182 9 15 9.664364848463931
183 9 16 32.44375001742147
184 9 17 5.875487094063077
185 9 18 0.061140750628001825
186 9 19 0.0
187 9 20 2.6508515746764383
188 9 21 0.0074525517961433595
189 9 22 1.4867275953431536
190 10 1 1.4436535911790596
191 10 2 1.5976058484893025
192 10 3 108.11678189213035
193 10 4 0.0
194 10 5 0.0
195 10 6 5.581341662689299
196 10 7 1.4628821198184072
197 10 8 0.4217415537854978
198 10 9 0.0
199 10 11 0.08776296314184646
200 10 12 0.0
201 10 13 1.9626016055214106
202 10 14 0.0
203 10 15 24.870627669499
204 10 16 0.0
205 10 17 35.58332875832926
206 10 18 2.210877711213981
207 10 19 752.859237312302
208 10 20 25.188883172208236
209 10 21 0.0
210 10 22 16.361580407563434
211 11 1 0.0
212 11 2 0.25194413239852603
213 11 3 0.41618113327334444
214 11 4 0.01807543513364414
215 11 5 7.332601950741718
216 11 6 6.366170358372032
217 11 7 1.6602086743663675
218 11 8 0.4254857823425988
219 11 9 0.6527702454139794
220 11 10 4.342792242395654
221 11 12 0.09551783381428623
222 11 13 0.25529581530309203
223 11 14 0.0
224 11 15 0.5371738972194637
225 11 16 19.46491803814985
226 11 17 2.4180557739880193
227 11 18 20.697296433738742
228 11 19 14.31977438675492
229 11 20 0.5049223753812941
230 11 21 0.0
231 11 22 2.053852434498595
232 12 1 0.1008392095783042
233 12 2 0.08340605490051933
234 12 3 7.545996272158133
235 12 4 0.008522001094349797
236 12 5 279.05485973927944
237 12 6 1.02836322895708
238 12 7 2.139805638800572
239 12 8 0.09158219230183916
240 12 9 0.0
241 12 10 0.14952553336821284
242 12 11 0.08845406649666264
243 12 13 1.3076779116971387
244 12 14 0.0
245 12 15 0.5776181637325403
246 12 16 11.212767247649822
247 12 17 0.01151654276190938
248 12 18 0.17919524633495945
249 12 19 39.186522432067804
250 12 20 0.18536893102907548
251 12 21 0.0
252 12 22 44.653896974189344
253 13 1 21.00645146092858
254 13 2 15.068390383472169
255 13 3 0.0
256 13 4 7.508524632569898
257 13 5 0.0
258 13 6 0.0
259 13 7 0.0
260 13 8 0.0
261 13 9 0.48981728247117784
262 13 10 0.0
263 13 11 0.04738328614436889
264 13 12 0.0
265 13 14 0.0
266 13 15 0.0
267 13 16 0.0
268 13 17 0.0
269 13 18 1.0895873129599083
270 13 19 0.0
271 13 20 0.0
272 13 21 5.34244141470033
273 13 22 0.0
274 14 1 0.06821973446850493
275 14 2 0.016666918745725335
276 14 3 0.6497812074976164
277 14 4 0.010438728043763378
278 14 5 122.51382102059284
279 14 6 0.08956274223700633
280 14 7 0.008295975971408515
281 14 8 0.0011932758553373844
282 14 9 0.0011347917885521442
283 14 10 0.0014393046144475794
284 14 11 0.002257552730383935
285 14 12 0.0020247220702864625
286 14 13 0.029109181331092967
287 14 15 0.058598317132042
288 14 16 0.8060486570197861
289 14 17 0.31550060820934345
290 14 18 0.00422893562019765
291 14 19 12.653385
292 14 20 0.001419575447745067
293 14 21 0.015092325799311412
294 14 22 31.47951057295988
295 15 1 84.98727727998177
296 15 2 56.91501041818823
297 15 3 55.78323365283994
298 15 4 46.38852591226218
299 15 5 779.4894299218511
300 15 6 105.67636272111922
301 15 7 89.97369121728336
302 15 8 7.152515839287624
303 15 9 37.046952514155144
304 15 10 62.488212506852705
305 15 11 9.855605499275704
306 15 12 10.037454402239465
307 15 13 47.91899678299089
308 15 14 0.0
309 15 16 0.0024289381722368136
310 15 17 141.68519525953263
311 15 18 26.94230255197008
312 15 19 797.2803854714796
313 15 20 37.382749636016186
314 15 21 0.0
315 15 22 544.6698455728532
316 16 1 0.0
317 16 2 82.08047289342294
318 16 3 0.0
319 16 4 0.0
320 16 5 0.0
321 16 6 74.4092046725169
322 16 7 0.0
323 16 8 0.0
324 16 9 0.0
325 16 10 0.0
326 16 11 0.7893902406723224
327 16 12 0.0
328 16 13 0.0
329 16 14 0.0
330 16 15 0.0
331 16 17 0.0
332 16 18 24.131536161849187
333 16 19 0.0
334 16 20 3.826546448395751
335 16 21 3.1449413937681454
336 16 22 0.0
337 17 1 0.0
338 17 2 0.35646475460079874
339 17 3 3.7636540860286076
340 17 4 0.0
341 17 5 80.66971740399651
342 17 6 13.228627366950686
343 17 7 18.031136878342775
344 17 8 0.5539758222218649
345 17 9 5.156153345043457
346 17 10 44.136970191405574
347 17 11 0.050247279691394746
348 17 12 0.7312587930343506
349 17 13 3.9730447311116164
350 17 14 0.0
351 17 15 51.05756852363889
352 17 16 140.60211431661327
353 17 18 0.651295758501243
354 17 19 91.42591700654839
355 17 20 51.60170270038857
356 17 21 0.0
357 17 22 23.84689949938627
358 18 1 0.11785542398299924
359 18 2 0.06436912976081952
360 18 3 9.387571552703736
361 18 4 0.13632573970118
362 18 5 0.0
363 18 6 7.111584159875569
364 18 7 0.8023190610319954
365 18 8 0.0680542744952515
366 18 9 0.06660138175465051
367 18 10 0.39563194846646416
368 18 11 0.5527620552171438
369 18 12 0.03797396215617677
370 18 13 13.613317404536078
371 18 14 0.0
372 18 15 5.19022422874531
373 18 16 0.0
374 18 17 0.8113868544169186
375 18 19 2553.312037498214
376 18 20 7.751309701214729
377 18 21 0.14806055047096903
378 18 22 468.18483547081286
379 19 1 111.7996940007574
380 19 2 62.851505260810974
381 19 3 121.43851892050185
382 19 4 68.8435382974256
383 19 5 0.0
384 19 6 0.0
385 19 7 107.16982504790973
386 19 8 1.080173222587326
387 19 9 3.0566850513632833
388 19 10 0.0
389 19 11 0.03663816967561334
390 19 12 1.6768369828184337
391 19 13 15.235735955014276
392 19 14 0.0
393 19 15 261.4859605333587
394 19 16 0.0
395 19 17 97.52157291660544
396 19 18 0.0
397 19 20 0.0
398 19 21 21.131521854191035
399 19 22 0.0
400 20 1 21.482672620179308
401 20 2 2.2686652869042883
402 20 3 15.673423818497758
403 20 4 0.9799919565193765
404 20 5 0.0
405 20 6 8.470006335027886
406 20 7 2.238352608271841
407 20 8 0.19343824636034354
408 20 9 6.0404758844599336
409 20 10 0.0
410 20 11 0.02459447235371914
411 20 12 0.03692827363011982
412 20 13 1.5395756711846456
413 20 14 0.0
414 20 15 10.427385800228985
415 20 16 0.0
416 20 17 34.74579957420929
417 20 18 3.7913392349227424
418 20 19 384.1465503553017
419 20 21 4.3866387567259295
420 20 22 2.6123989610678073
421 21 1 0.0
422 21 2 0.0
423 21 3 0.9770260366171961
424 21 4 0.0
425 21 5 7.757681810357823
426 21 6 5.954345308102662
427 21 7 5.064448969384479
428 21 8 0.10365938812576557
429 21 9 0.026726407068006525
430 21 10 1.9709468761947972
431 21 11 0.0009309138667421861
432 21 12 0.04543366879970805
433 21 13 0.26587844178339815
434 21 14 0.0
435 21 15 1.1518963748887947
436 21 16 9.18104535311246
437 21 17 0.0
438 21 18 0.039728106546889054
439 21 19 22.064755866475444
440 21 20 2.390486032614519
441 21 22 0.19308954111528515
442 22 1 1.8316806584024552
443 22 2 3.2296928850132987
444 22 3 0.0
445 22 4 9.445946294954192
446 22 5 0.0
447 22 6 0.0
448 22 7 0.0
449 22 8 8.099864914025874
450 22 9 4.2809345671453
451 22 10 4.634755738674576
452 22 11 0.0
453 22 12 0.9657103430118621
454 22 13 31.824184745866383
455 22 14 3.0276908479068885e-21
456 22 15 112.00084446708466
457 22 16 0.0
458 22 17 16.10681764925186
459 22 18 0.0
460 22 19 0.0
461 22 20 8.529920243615239
462 22 21 4.3469954381453215
