1 1 2 56.115938
2 1 3 288.71837700000003
3 1 4 0.0
4 1 5 58.434915000000004
5 1 6 3.289698
6 1 7 2.326231
7 1 8 1.16708
8 1 9 21.475171
9 1 10 21.195646
10 1 11 0.208393
11 1 12 0.027947
12 1 13 9.418849999999999
13 1 14 0.0
14 1 15 8.483329999999999
15 1 16 39.991059
16 1 17 0.0
17 1 18 0.502145
18 1 19 44.09836
19 1 20 13.815966
20 1 21 0.0
21 1 22 5.3698619999999995
22 2 1 300.802195
23 2 3 5.085725
24 2 4 0.200183
25 2 5 49.14894
26 2 6 8.429292
27 2 7 43.931296
28 2 8 0.973644
29 2 9 0.005511
30 2 10 18.899948000000002
31 2 11 0.013214
32 2 12 0.064328
33 2 13 7.765482
34 2 14 0.0
35 2 15 6.494543
36 2 16 267.254339
37 2 17 1.4199519999999999
38 2 18 8.808965
39 2 19 126.783065
40 2 20 0.037338
41 2 21 0.074282
42 2 22 17.59482
43 3 1 316.59727699999996
44 3 2 274.093749
45 3 4 45.433853
46 3 5 361.88307199999997
47 3 6 146.904806
48 3 7 53.829855
49 3 8 26.895077999999998
50 3 9 0.128544
51 3 10 12.431103
52 3 11 0.5920019999999999
53 3 12 0.7936479999999999
54 3 13 129.250663
55 3 14 0.0
56 3 15 141.323965
57 3 16 73.96925300000001
58 3 17 20.254727000000003
59 3 18 151.299617
60 3 19 132.637021
61 3 20 4.139689
62 3 21 3.2007399999999997
63 3 22 201.627895
64 4 1 0.0
65 4 2 7.839032
66 4 3 2.194537
67 4 5 40.166838
68 4 6 28.203243
69 4 7 56.255559
70 4 8 7.326597
71 4 9 19.703887
72 4 10 41.444693
73 4 11 0.004274
74 4 12 0.0
75 4 13 4.475109
76 4 14 0.0
77 4 15 74.897519
78 4 16 52.033322999999996
79 4 17 0.0
80 4 18 1.142732
81 4 19 20.427751
82 4 20 24.748786
83 4 21 0.0
84 4 22 44.187992
85 5 1 53.816866000000005
86 5 2 169.226032
87 5 3 144.84927199999998
88 5 4 85.612105
89 5 6 585.075884
90 5 7 288.724168
91 5 8 3224.811148
92 5 9 1038.062889
93 5 10 2557.754348
94 5 11 0.829917
95 5 12 481.382108
96 5 13 388.101858
97 5 14 0.0
98 5 15 83.32518
99 5 16 1628.025776
100 5 17 62.342033
101 5 18 23.505851
102 5 19 300.265805
103 5 20 3501.4707850000004
104 5 21 7.338293
105 5 22 569.284176
106 6 1 3.198265
107 6 2 3.445965
108 6 3 27.55096
109 6 4 56.142478999999994
110 6 5 418.726305
111 6 7 118.333361
112 6 8 9.723286
113 6 9 5.856486
114 6 10 5.571
115 6 11 1.0486010000000001
116 6 12 1.881104
117 6 13 10.612471
118 6 14 0.0
119 6 15 30.919607
120 6 16 217.480671
121 6 17 63.299257
122 6 18 25.55773
123 6 19 93.786164
124 6 20 8.3125
125 6 21 0.634176
126 6 22 109.89186699999999
127 7 1 27.144857000000002
128 7 2 4.69548
129 7 3 123.561801
130 7 4 104.735236
131 7 5 170.957337
132 7 6 165.93386
133 7 8 7.594932
134 7 9 5.318465
135 7 10 46.096032
136 7 11 1.3967289999999999
137 7 12 0.551854
138 7 13 229.72643399999998
139 7 14 0.0
140 7 15 1.3476949999999999
141 7 16 490.60386700000004
142 7 17 84.136597
143 7 18 24.524424
144 7 19 30.228918
145 7 20 16.811406
146 7 21 2.9374089999999997
147 7 22 81.26868999999999
148 8 1 4.6615720000000005
149 8 2 9.566682
150 8 3 31.400158
151 8 4 8.212295
152 8 5 8687.163413
153 8 6 20.296452
154 8 7 3.5239009999999995
155 8 9 7.602355
156 8 10 12.422105
157 8 11 0.106277
158 8 12 0.753274
159 8 13 31.942902
160 8 14 0.0
161 8 15 30.842626000000003
162 8 16 68.436659
163 8 17 29.625106000000002
164 8 18 4.465887
165 8 19 281.41596000000004
166 8 20 16.279457999999998
167 8 21 6.860608
168 8 22 1416.03339
169 9 1 17.724883
170 9 2 0.006467
171 9 3 54.618499
172 9 4 1.884141
173 9 5 3951.9753490000003
174 9 6 18.72535
175 9 7 0.814903
176 9 8 2.6740779999999997
177 9 10 2593.6423800000002
178 9 11 0.005848
179 9 12 0.492136
180 9 13 11.741651000000001
181 9 14 0.0
182 9 15 0.865118
183 9 16 35.481874000000005
184 9 17 10.852691
185 9 18 7.263899
186 9 19 239.44381600000003
187 9 20 30.857920999999997
188 9 21 3.8377280000000003
189 9 22 18.985926
190 10 1 2.107098
191 10 2 0.767107
192 10 3 131.486643
193 10 4 24.400771
194 10 5 5458.651293
195 10 6 0.971732
196 10 7 9.418455999999999
197 10 8 12.832707
198 10 9 1398.3551229999998
199 10 11 0.35290699999999997
200 10 12 0.576033
201 10 13 4.152004
202 10 14 0.0
203 10 15 13.159073
204 10 16 71.076267
205 10 17 52.721368999999996
206 10 18 3.2722670000000003
207 10 19 313.96475499999997
208 10 20 20.381248
209 10 21 16.627642
210 10 22 13.054145
211 11 1 10.522782
212 11 2 0.033907
213 11 3 0.321868
214 11 4 0.015745000000000002
215 11 5 4.3486460000000005
216 11 6 0.10706399999999999
217 11 7 0.828175
218 11 8 0.699011
219 11 9 0.25529
220 11 10 16.315052
221 11 12 0.100147
222 11 13 0.490393
223 11 14 0.0
224 11 15 6.042161999999999
225 11 16 0.065453
226 11 17 0.813667
227 11 18 4.511772
228 11 19 54.316931000000004
229 11 20 0.175441
230 11 21 0.173193
231 11 22 7.518345
232 12 1 0.28408
233 12 2 0.019568
234 12 3 8.737496
235 12 4 0.05342
236 12 5 459.33045400000003
237 12 6 1.176246
238 12 7 0.802252
239 12 8 0.108414
240 12 9 0.017994
241 12 10 0.342224
242 12 11 0.023392
243 12 13 12.927569
244 12 14 0.0
245 12 15 2.081963
246 12 16 19.434707
247 12 17 0.059999
248 12 18 0.002924
249 12 19 11.94487
250 12 20 2.0099299999999998
251 12 21 0.010572
252 12 22 63.658462
253 13 1 30.306292
254 13 2 56.60633
255 13 3 378.253232
256 13 4 49.884726
257 13 5 1284.891952
258 13 6 90.371688
259 13 7 111.63306800000001
260 13 8 14.818007
261 13 9 2.00262
262 13 10 2.318527
263 13 11 0.016645
264 13 12 3.716493
265 13 14 0.0
266 13 15 12.802398
267 13 16 611.6684379999999
268 13 17 31.242653999999998
269 13 18 6.23959
270 13 19 27.845948
271 13 20 6.441854
272 13 21 0.174542
273 13 22 30.756422999999998
274 14 1 0.002137
275 14 2 0.010234
276 14 3 0.25917
277 14 4 0.7581100000000001
278 14 5 100.758166
279 14 6 0.0043300000000000005
280 14 7 0.472399
281 14 8 0.006916
282 14 9 0.003486
283 14 10 0.017151
284 14 11 0.0
285 14 12 0.0
286 14 13 0.172742
287 14 15 0.18449500000000002
288 14 16 8.522241999999999
289 14 17 0.002249
290 14 18 0.007422
291 14 19 9.809376
292 14 20 0.004948
293 14 21 0.0
294 14 22 23.991014
295 15 1 125.01144299999999
296 15 2 99.94062
297 15 3 87.354769
298 15 4 79.30172
299 15 5 1055.122894
300 15 6 285.572912
301 15 7 238.411973
302 15 8 58.079646
303 15 9 21.56694
304 15 10 104.680634
305 15 11 0.426908
306 15 12 85.42873499999999
307 15 13 246.30397499999998
308 15 14 0.0
309 15 16 0.0
310 15 17 318.43992000000003
311 15 18 36.019501
312 15 19 418.523817
313 15 20 107.69721799999999
314 15 21 118.629869
315 15 22 873.697093
316 16 1 11.368557
317 16 2 37.203394
318 16 3 14.665452
319 16 4 30.547186
320 16 5 658.798451
321 16 6 41.834432
322 16 7 826.03817
323 16 8 47.270253
324 16 9 14.19952
325 16 10 15.915697999999999
326 16 11 0.019175
327 16 12 10.413188
328 16 13 278.048269
329 16 14 0.0
330 16 15 0.0
331 16 17 26.741847999999997
332 16 18 21.436878
333 16 19 58.807840999999996
334 16 20 20.086259
335 16 21 5.154046
336 16 22 257.121803
337 17 1 0.0
338 17 2 2.4671469999999998
339 17 3 2.470577
340 17 4 0.0
341 17 5 305.669405
342 17 6 75.816057
343 17 7 20.087102
344 17 8 18.363276
345 17 9 8.314861
346 17 10 10.538751999999999
347 17 11 0.146708
348 17 12 0.325691
349 17 13 7.017380999999999
350 17 14 0.0
351 17 15 224.196315
352 17 16 163.588455
353 17 18 2.6280799999999997
354 17 19 64.811541
355 17 20 19.451520000000002
356 17 21 0.0
357 17 22 31.069519
358 18 1 1.107306
359 18 2 0.88002
360 18 3 17.89785
361 18 4 9.565558
362 18 5 173.353689
363 18 6 5.020384
364 18 7 0.64486
365 18 8 1.1855799999999999
366 18 9 0.313208
367 18 10 3.277608
368 18 11 0.20316299999999998
369 18 12 0.037056
370 18 13 13.369883
371 18 14 0.0
372 18 15 0.856459
373 18 16 21.520718000000002
374 18 17 5.580166
375 18 19 2205.551038
376 18 20 6.889736
377 18 21 0.668478
378 18 22 624.632726
379 19 1 100.493317
380 19 2 55.703649999999996
381 19 3 106.879614
382 19 4 97.78589400000001
383 19 5 436.748427
384 19 6 62.982619
385 19 7 39.485146
386 19 8 10.997542
387 19 9 17.309784
388 19 10 94.739677
389 19 11 1.6690010000000002
390 19 12 1.645721
391 19 13 87.440184
392 19 14 0.0
393 19 15 261.650669
394 19 16 873.1825220000001
395 19 17 95.645563
396 19 18 1006.631241
397 19 20 19.621451
398 19 21 25.542997
399 19 22 572.61734
400 20 1 8.734178
401 20 2 0.991413
402 20 3 33.760691
403 20 4 18.766398
404 20 5 4080.088846
405 20 6 1.486643
406 20 7 2.988636
407 20 8 28.025326
408 20 9 61.242205
409 20 10 691.432098
410 20 11 0.008097
411 20 12 0.22217
412 20 13 2.864814
413 20 14 0.0
414 20 15 13.756024
415 20 16 85.3287
416 20 17 35.771633
417 20 18 7.48545
418 20 19 212.468047
419 20 21 1.636555
420 20 22 27.033913000000002
421 21 1 0.0
422 21 2 0.285317
423 21 3 0.760134
424 21 4 0.0
425 21 5 39.234355
426 21 6 0.512717
427 21 7 0.20738099999999998
428 21 8 2.016903
429 21 9 2.046818
430 21 10 10.940974
431 21 11 0.094581
432 21 12 0.127308
433 21 13 1.686094
434 21 14 0.0
435 21 15 8.927951
436 21 16 25.672666999999997
437 21 17 0.0
438 21 18 0.303312
439 21 19 3.3303529999999997
440 21 20 7.76149
441 21 22 5.30334
442 22 1 3.423472
443 22 2 3.379499
444 22 3 397.479883
445 22 4 10.590204
446 22 5 207.687208
447 22 6 140.552529
448 22 7 71.691943
449 22 8 42.299184
450 22 9 6.6789819999999995
451 22 10 75.19655700000001
452 22 11 0.014395000000000002
453 22 12 1.47787
454 22 13 7.657405
455 22 14 0.0
456 22 15 75.297098
457 22 16 1056.244538
458 22 17 22.540529
459 22 18 769.488464
460 22 19 840.485332
461 22 20 33.689671000000004
462 22 21 1.158476
