1 1 2 55.73736150858394
2 1 3 283.16389126997205
3 1 4 0.0
4 1 5 56.28259509806094
5 1 6 2.9440183211422517
6 1 7 12.616631785780987
7 1 8 1.8037686174365546
8 1 9 24.046682040986514
9 1 10 19.557416806558624
10 1 11 0.17019299734965893
11 1 12 1.208005179249204
12 1 13 13.681449565887235
13 1 14 0.0
14 1 15 16.711555332748677
15 1 16 56.87457243873742
16 1 17 3.454139204343763e-09
17 1 18 1.4441093511229228
18 1 19 44.533165890562145
19 1 20 29.219362226666195
20 1 21 0.0
21 1 22 6.514880544959413
22 2 1 224.179047863385
23 2 3 4.432288443736052
24 2 4 0.48567722240291633
25 2 5 13.696260140450395
26 2 6 5.4035471975093134
27 2 7 45.207983083607346
28 2 8 0.4957012745374007
29 2 9 1.6517422783907703
30 2 10 2.933474554296419
31 2 11 0.015659291451541085
32 2 12 0.3809176882968938
33 2 13 8.267989015916257
34 2 14 0.0
35 2 15 8.94463911857429
36 2 16 268.41771115548596
37 2 17 6.336745311821326
38 2 18 0.2370823614850665
39 2 19 140.08201314737727
40 2 20 0.16465320543598155
41 2 21 0.21122770227604995
42 2 22 22.06057566677345
43 3 1 335.1129924597381
44 3 2 194.64713830783768
45 3 4 41.626184248980636
46 3 5 313.1822703274758
47 3 6 128.5516222250249
48 3 7 55.18805089166571
49 3 8 11.149407407794653
50 3 9 0.15862609156002502
51 3 10 63.11295957465046
52 3 11 0.4341692592162003
53 3 12 1.0965976504585653
54 3 13 113.2392303664087
55 3 14 0.0
56 3 15 134.04543528328338
57 3 16 97.6570074768849
58 3 17 40.67198464472921
59 3 18 156.3152293847093
60 3 19 198.87988739709957
61 3 20 30.259510614507924
62 3 21 11.017832805379346
63 3 22 237.36126623607026
64 4 1 0.0
65 4 2 5.688182322986705
66 4 3 29.593709739634004
67 4 5 72.72957668951165
68 4 6 32.31464351108812
69 4 7 44.88983316580641
70 4 8 16.473004131832788
71 4 9 7.096156088025235
72 4 10 88.13745199022459
73 4 11 0.07674009539518012
74 4 12 0.3692670203356854
75 4 13 18.378828277994273
76 4 14 0.0
77 4 15 49.450517274887716
78 4 16 64.28810552075471
79 4 17 0.0
80 4 18 0.37340891772571694
81 4 19 86.08412586996482
82 4 20 88.97814211145834
83 4 21 0.0
84 4 22 68.04965657836068
85 5 1 58.157090712142896
86 5 2 0.0
87 5 3 153.45809607598503
88 5 4 66.00176676023516
89 5 6 0.0
90 5 7 174.930976
91 5 8 0.0
92 5 9 1231.0544365159187
93 5 10 4729.910950355358
94 5 11 2.6782987106563207
95 5 12 0.0
96 5 13 361.09957522797475
97 5 14 0.0
98 5 15 0.0
99 5 16 0.0
100 5 17 67.73780087128937
101 5 18 10.100804355029812
102 5 19 282.21017164626824
103 5 20 0.0
104 5 21 10.484203382680349
105 5 22 526.9923261923858
106 6 1 5.149175676527924
107 6 2 7.0644461305339
108 6 3 65.76003139429831
109 6 4 50.28006947166618
110 6 5 0.0
111 6 7 82.96614768640946
112 6 8 13.548834885242496
113 6 9 2.992114428544096
114 6 10 9.139256889960876
115 6 11 0.254416504884882
116 6 12 1.2665908794452228
117 6 13 40.20533986065812
118 6 14 0.0
119 6 15 12.246172840442588
120 6 16 0.0
121 6 17 0.0
122 6 18 14.34752404869876
123 6 19 82.63928471406768
124 6 20 4.926002455959826
125 6 21 3.2817152207381346
126 6 22 128.43793872197088
127 7 1 36.2811700177097
128 7 2 3.7603368589263173
129 7 3 89.0124247951181
130 7 4 95.82414594620225
131 7 5 164.10607283148332
132 7 6 130.14868584992226
133 7 8 9.252231671707918
134 7 9 4.570838842579822
135 7 10 46.901209273752535
136 7 11 0.8514626350945884
137 7 12 0.7458417223333135
138 7 13 316.3824042873461
139 7 14 0.0
140 7 15 3.6731118621569907
141 7 16 488.00964937849943
142 7 17 78.85899510747295
143 7 18 18.84600587912955
144 7 19 44.73693993483295
145 7 20 19.405258569621147
146 7 21 2.980114335793188
147 7 22 175.63478074680606
148 8 1 7.017752309952489
149 8 2 5.0577799916264805
150 8 3 11.581873170160975
151 8 4 6.954854058087759
152 8 5 0.0
153 8 6 7.444932419774163
154 8 7 6.5640416873167675
155 8 9 8.323016431503
156 8 10 17.28927590348245
157 8 11 0.22459263436819274
158 8 12 1.6148076978187382
159 8 13 28.313958196303652
160 8 14 0.0
161 8 15 0.0
162 8 16 0.0
163 8 17 34.6713001385952
164 8 18 5.805488044372327
165 8 19 336.58166999722437
166 8 20 29.401597993528934
167 8 21 4.506132562283935
168 8 22 0.0
169 9 1 10.660031526250286
170 9 2 0.02153753597115375
171 9 3 0.0
172 9 4 6.825069880490589
173 9 5 0.0
174 9 6 14.354017469535265
175 9 7 0.5087402055599535
176 9 8 4.9031344063912226
177 9 10 0.0
178 9 11 0.045630340939284406
179 9 12 0.0
180 9 13 9.490508460009563
181 9 14 0.0
182 9 15 3.973515836814007
183 9 16 46.424634004589166
184 9 17 21.463892345068157
185 9 18 0.6626426685886008
186 9 19 0.0
187 9 20 29.475431961618035
188 9 21 2.6004554399889375
189 9 22 5.089465356633279
190 10 1 4.741459572299547
191 10 2 0.5183858074332751
192 10 3 90.27313717591446
193 10 4 0.0
194 10 5 0.0
195 10 6 1.1002375961540285
196 10 7 9.376292237418777
197 10 8 27.708369548960064
198 10 9 0.0
199 10 11 0.8731214183401853
200 10 12 0.056595126493547046
201 10 13 2.9827525107996706
202 10 14 0.0
203 10 15 29.39847542847594
204 10 16 0.0
205 10 17 92.99831801707273
206 10 18 4.250448949558691
207 10 19 391.6075213410711
208 10 20 39.14939986902059
209 10 21 12.567243224666688
210 10 22 24.4644548332975
211 11 1 1.982636447107788
212 11 2 0.10343266494928732
213 11 3 1.9163885692520246
214 11 4 0.5696969821632342
215 11 5 8.871961537702418
216 11 6 1.1077198526856622
217 11 7 30.544519864499982
218 11 8 0.43733964676870496
219 11 9 1.7584162378792385
220 11 10 11.470402839489203
221 11 12 0.0007132279204418973
222 11 13 0.23131884555916393
223 11 14 0.0
224 11 15 2.516555350198412
225 11 16 0.0
226 11 17 0.20677543001871995
227 11 18 5.339108925591357
228 11 19 5.532594442842227
229 11 20 0.3848600656725159
230 11 21 0.7784981166635948
231 11 22 6.527447880842391
232 12 1 0.0
233 12 2 0.0
234 12 3 12.312086354940922
235 12 4 0.0
236 12 5 426.9021095676884
237 12 6 1.3605056856067506
238 12 7 1.1278578298643027
239 12 8 1.1149547785431144
240 12 9 0.0
241 12 10 0.32722483040930445
242 12 11 0.001604513621966598
243 12 13 4.805727484519943
244 12 14 0.0
245 12 15 1.5257689031664445
246 12 16 48.52562807810114
247 12 17 0.12310875837848034
248 12 18 0.0
249 12 19 19.54289929299647
250 12 20 2.4547696086866475
251 12 21 0.00542069385784648
252 12 22 72.65942072774517
253 13 1 30.12589244666154
254 13 2 51.34883768818227
255 13 3 0.0
256 13 4 39.8225787565495
257 13 5 0.0
258 13 6 0.0
259 13 7 0.0
260 13 8 0.0
261 13 9 3.860617143611773
262 13 10 0.0
263 13 11 0.08740466212374298
264 13 12 0.0
265 13 14 0.0
266 13 15 0.0
267 13 16 0.0
268 13 17 0.0
269 13 18 3.499399481476206
270 13 19 0.0
271 13 20 0.0
272 13 21 1.5648746731877332
273 13 22 0.0
274 14 1 0.02233547202830312
275 14 2 0.04285688402946084
276 14 3 0.1877265192332903
277 14 4 0.34236754366478667
278 14 5 107.62733627156848
279 14 6 0.028054236812046298
280 14 7 0.005214987856611605
281 14 8 0.01679018241967098
282 14 9 0.0474273413403783
283 14 10 0.1664351958848813
284 14 11 0.002949853843707526
285 14 12 0.0089596207388659
286 14 13 0.10081749529241882
287 14 15 0.2448246530449522
288 14 16 5.891457723844245
289 14 17 0.060016530358511025
290 14 18 0.006340596638596676
291 14 19 7.285187878721078
292 14 20 0.0
293 14 21 0.007539658260973419
294 14 22 25.664374736339575
295 15 1 94.7986317963746
296 15 2 85.06783410077296
297 15 3 110.29416302617356
298 15 4 143.57355203011855
299 15 5 846.6939544074277
300 15 6 283.9549634849118
301 15 7 243.8447360910419
302 15 8 92.59755722783757
303 15 9 24.032647222015203
304 15 10 123.69875537442249
305 15 11 9.272449866997636
306 15 12 85.75825580158035
307 15 13 151.44091373716012
308 15 14 0.0
309 15 16 0.0
310 15 17 270.5717268312081
311 15 18 37.7293595973748
312 15 19 930.5505592331479
313 15 20 94.89028156172296
314 15 21 0.0
315 15 22 892.6555987508999
316 16 1 0.0
317 16 2 108.51851043290692
318 16 3 0.0
319 16 4 0.0
320 16 5 0.0
321 16 6 49.28265051134326
322 16 7 0.0
323 16 8 0.0
324 16 9 0.0
325 16 10 0.0
326 16 11 0.0007546487952105525
327 16 12 0.0
328 16 13 0.0
329 16 14 0.0
330 16 15 0.0
331 16 17 0.0
332 16 18 26.986477453100754
333 16 19 0.0
334 16 20 19.557775757196
335 16 21 4.554877977602351
336 16 22 0.0
337 17 1 0.019039912872123234
338 17 2 2.9121116987676516
339 17 3 10.937100419055753
340 17 4 0.0
341 17 5 144.39496518919503
342 17 6 25.10977713375757
343 17 7 20.22495304167646
344 17 8 18.678618992162836
345 17 9 5.006047478596311
346 17 10 28.93325018202485
347 17 11 3.804505377147149
348 17 12 1.0230530903957356
349 17 13 6.262101210558227
350 17 14 0.0
351 17 15 115.58063382637584
352 17 16 165.25146645783337
353 17 18 12.248185115221537
354 17 19 116.30480645190137
355 17 20 49.47290729341973
356 17 21 0.0
357 17 22 31.346871893773184
358 18 1 1.0378071059938319
359 18 2 0.4027258383282811
360 18 3 11.041097657878398
361 18 4 6.908374883289747
362 18 5 0.0
363 18 6 9.188476690519208
364 18 7 4.238225411460812
365 18 8 1.3420968167827156
366 18 9 0.0
367 18 10 4.976685808602691
368 18 11 0.051446722242388304
369 18 12 0.2171156955740825
370 18 13 16.43415354109723
371 18 14 0.0
372 18 15 5.203154492576818
373 18 16 0.0
374 18 17 5.3791086544775455
375 18 19 2632.361685908858
376 18 20 5.640780472682246
377 18 21 0.18423472288180337
378 18 22 609.245386138309
379 19 1 107.60976863468188
380 19 2 48.524256301953976
381 19 3 127.17466987759258
382 19 4 112.68149924243997
383 19 5 0.0
384 19 6 0.0
385 19 7 29.217588752272583
386 19 8 14.134279546154113
387 19 9 13.578041901394224
388 19 10 0.0
389 19 11 90.85939273404176
390 19 12 1.552051679185399
391 19 13 59.37989353264776
392 19 14 0.0
393 19 15 309.156439814502
394 19 16 0.0
395 19 17 77.81230225669347
396 19 18 0.0
397 19 20 0.0
398 19 21 34.81019500253542
399 19 22 0.0
400 20 1 22.120613964492804
401 20 2 0.31174186160123196
402 20 3 43.65133218618381
403 20 4 33.98635538772963
404 20 5 0.0
405 20 6 0.0
406 20 7 4.0327079798091034
407 20 8 30.822564636655883
408 20 9 20.036417981693035
409 20 10 0.0
410 20 11 0.0584014763811765
411 20 12 0.2600188682887302
412 20 13 24.975535847179447
413 20 14 0.0
414 20 15 39.06286680820453
415 20 16 0.0
416 20 17 58.08817730021964
417 20 18 15.616269379023361
418 20 19 246.39241269429638
419 20 21 2.727329543562048
420 20 22 28.49222716997078
421 21 1 6.7926618025235185e-09
422 21 2 0.306797358622002
423 21 3 2.9382387537194115
424 21 4 0.0
425 21 5 24.817622422056377
426 21 6 1.6498953013617232
427 21 7 0.7912228784285418
428 21 8 1.7448791134991792
429 21 9 4.4638379207670775
430 21 10 18.86328792369743
431 21 11 0.0035655668655995986
432 21 12 0.05827189421489693
433 21 13 0.678068162802462
434 21 14 0.0
435 21 15 3.2351291046465684
436 21 16 15.60256993774291
437 21 17 0.0
438 21 18 0.45851958225989103
439 21 19 8.864640168532546
440 21 20 6.767670036517857
441 21 22 1.2476704173131044
442 22 1 5.882486416746405
443 22 2 6.978767414459852
444 22 3 0.0
445 22 4 34.33190931149669
446 22 5 0.0
447 22 6 0.0
448 22 7 0.0
449 22 8 38.4208697247573
450 22 9 10.6607519094494
451 22 10 11.24304149458525
452 22 11 0.0
453 22 12 6.421841680415799
454 22 13 9.263943047832981
455 22 14 0.0
456 22 15 92.80667537469171
457 22 16 0.0
458 22 17 39.63029813750356
459 22 18 0.0
460 22 19 0.0
461 22 20 28.077020472768265
462 22 21 1.2028368205222904
