1 1 2 52.590068
2 1 3 208.25795599999998
3 1 4 0.0
4 1 5 43.375956
5 1 6 11.640547000000002
6 1 7 4.275938
7 1 8 0.101103
8 1 9 18.404943000000003
9 1 10 12.678182999999999
10 1 11 0.014339000000000001
11 1 12 6.837721999999999
12 1 13 17.027334
13 1 14 0.0
14 1 15 12.462873
15 1 16 37.508336
16 1 17 0.002643
17 1 18 3.1867389999999998
18 1 19 33.473293
19 1 20 15.773657
20 1 21 0.0
21 1 22 1.834039
22 2 1 154.41229900000002
23 2 3 0.838633
24 2 4 0.087439
25 2 5 2.821516
26 2 6 9.912055
27 2 7 42.426379
28 2 8 0.0
29 2 9 0.014058
30 2 10 1.964327
31 2 11 0.017826
32 2 12 0.018331
33 2 13 8.081446
34 2 14 0.0
35 2 15 47.589253
36 2 16 233.55331
37 2 17 0.219808
38 2 18 0.025417000000000002
39 2 19 129.47322499999999
40 2 20 0.129782
41 2 21 0.002249
42 2 22 0.634457
43 3 1 257.488656
44 3 2 0.860001
45 3 4 6.615159
46 3 5 108.441719
47 3 6 84.994967
48 3 7 7.723984
49 3 8 34.322891
50 3 9 0.017544
51 3 10 9.898952
52 3 11 0.712844
53 3 12 0.34244800000000003
54 3 13 350.698392
55 3 14 0.0
56 3 15 1.552601
57 3 16 120.060112
58 3 17 39.740493
59 3 18 172.211744
60 3 19 134.99721599999998
61 3 20 4.008164
62 3 21 57.646609
63 3 22 20.131581
64 4 1 0.0
65 4 2 4.823687
66 4 3 32.054128
67 4 5 29.782947999999998
68 4 6 16.189207
69 4 7 6.360431
70 4 8 0.003599
71 4 9 0.009447
72 4 10 3.521427
73 4 11 0.002924
74 4 12 0.088114
75 4 13 0.7657010000000001
76 4 14 0.0
77 4 15 1.6291319999999998
78 4 16 43.308816
79 4 17 0.0
80 4 18 1.151504
81 4 19 3.172062
82 4 20 6.2882869999999995
83 4 21 0.0
84 4 22 22.407879
85 5 1 7.620405
86 5 2 183.490219
87 5 3 25.280341
88 5 4 25.171196000000002
89 5 6 235.31267400000002
90 5 7 418.595455
91 5 8 275.374191
92 5 9 566.537673
93 5 10 1607.646609
94 5 11 2.046818
95 5 12 692.2943479999999
96 5 13 244.65386800000002
97 5 14 0.0
98 5 15 15.866046
99 5 16 382.676159
100 5 17 193.158004
101 5 18 41.310919000000005
102 5 19 2434.8218880000004
103 5 20 2759.916609
104 5 21 2.850532
105 5 22 349.324213
106 6 1 0.8991950000000001
107 6 2 2.042039
108 6 3 10.398060999999998
109 6 4 6.431957000000001
110 6 5 315.50965199999996
111 6 7 24.505249
112 6 8 6.7722690000000005
113 6 9 0.522051
114 6 10 7.3595489999999995
115 6 11 0.26603
116 6 12 0.913027
117 6 13 56.371622
118 6 14 0.0
119 6 15 13.698892
120 6 16 212.854018
121 6 17 46.315053
122 6 18 58.705163
123 6 19 74.55844400000001
124 6 20 2.577135
125 6 21 12.578654
126 6 22 68.00812
127 7 1 13.826538
128 7 2 2.602215
129 7 3 97.589984
130 7 4 3.124715
131 7 5 53.656493999999995
132 7 6 40.152443
133 7 8 0.875578
134 7 9 0.319675
135 7 10 7.3101769999999995
136 7 11 0.487918
137 7 12 6.131627
138 7 13 12.829389
139 7 14 0.0
140 7 15 1.760826
141 7 16 71.340891
142 7 17 51.362989999999996
143 7 18 2.5080270000000002
144 7 19 39.619539
145 7 20 4.079241
146 7 21 1.32464
147 7 22 101.501207
148 8 1 2.509264
149 8 2 0.952502
150 8 3 17.933783
151 8 4 0.62518
152 8 5 7213.945524000001
153 8 6 9.007068
154 8 7 18.782031
155 8 9 1.169836
156 8 10 6.428302
157 8 11 3.370446
158 8 12 0.639856
159 8 13 53.386078
160 8 14 0.0
161 8 15 11.380422
162 8 16 81.627727
163 8 17 7.448675
164 8 18 5.683069
165 8 19 690.019624
166 8 20 11.624971
167 8 21 2.763373
168 8 22 1200.186013
169 9 1 0.667522
170 9 2 0.008435
171 9 3 25.934086
172 9 4 0.281662
173 9 5 2303.263438
174 9 6 0.846056
175 9 7 0.119772
176 9 8 11.48175
177 9 10 1427.0238479999998
178 9 11 0.035145
179 9 12 0.09840499999999999
180 9 13 0.148001
181 9 14 0.0
182 9 15 0.8880049999999999
183 9 16 22.14421
184 9 17 2.866164
185 9 18 1.104101
186 9 19 328.84889
187 9 20 3.133769
188 9 21 0.11156300000000001
189 9 22 3.596439
190 10 1 1.0492759999999999
191 10 2 57.222961999999995
192 10 3 95.531301
193 10 4 12.740037
194 10 5 5325.225572
195 10 6 5.750154
196 10 7 1.412417
197 10 8 0.43776000000000004
198 10 9 626.35852
199 10 11 0.30691
200 10 12 0.101666
201 10 13 1.3129439999999999
202 10 14 0.0
203 10 15 24.293031999999997
204 10 16 72.953772
205 10 17 22.544971
206 10 18 0.088283
207 10 19 677.659992
208 10 20 15.798793
209 10 21 0.40795800000000004
210 10 22 3.196129
211 11 1 0.016082
212 11 2 0.005679
213 11 3 0.412625
214 11 4 0.018219
215 11 5 2.080276
216 11 6 0.7787470000000001
217 11 7 0.44495799999999996
218 11 8 0.0050609999999999995
219 11 9 0.314782
220 11 10 4.657523
221 11 12 0.02716
222 11 13 0.017263
223 11 14 0.0
224 11 15 0.454742
225 11 16 9.718900000000001
226 11 17 0.824181
227 11 18 19.927462
228 11 19 0.48010200000000003
229 11 20 0.090645
230 11 21 0.084347
231 11 22 0.038405999999999996
232 12 1 0.008097
233 12 2 0.08434699999999999
234 12 3 9.738525
235 12 4 1.356973
236 12 5 332.289906
237 12 6 0.546905
238 12 7 2.595466
239 12 8 0.218403
240 12 9 0.004499
241 12 10 1.1396950000000001
242 12 11 0.017263
243 12 13 1.1535279999999999
244 12 14 0.0
245 12 15 0.358981
246 12 16 12.469171
247 12 17 0.068771
248 12 18 0.243032
249 12 19 38.110686
250 12 20 0.009053
251 12 21 0.014845
252 12 22 47.964877
253 13 1 16.227612
254 13 2 19.385336
255 13 3 129.01106
256 13 4 0.805345
257 13 5 489.86543800000004
258 13 6 209.387248
259 13 7 81.789054
260 13 8 18.792771000000002
261 13 9 0.170887
262 13 10 1.71854
263 13 11 0.042286000000000004
264 13 12 1.275382
265 13 14 0.0
266 13 15 2.863184
267 13 16 399.318533
268 13 17 10.866354999999999
269 13 18 3.423528
270 13 19 31.446043000000003
271 13 20 2.142524
272 13 21 12.058964
273 13 22 19.653503
274 14 1 0.048809
275 14 2 0.018894
276 14 3 0.326928
277 14 4 0.0
278 14 5 120.369552
279 14 6 0.006185
280 14 7 0.071189
281 14 8 0.004217
282 14 9 0.0
283 14 10 0.055107
284 14 11 0.0
285 14 12 0.17173100000000002
286 14 13 0.085921
287 14 15 0.025248
288 14 16 1.367095
289 14 17 0.174879
290 14 18 0.014508
291 14 19 10.459578
292 14 20 0.083222
293 14 21 0.0
294 14 22 34.015305999999995
295 15 1 70.63192699999999
296 15 2 72.553743
297 15 3 57.266935000000004
298 15 4 44.499682
299 15 5 376.505621
300 15 6 70.241176
301 15 7 102.803804
302 15 8 1.329926
303 15 9 9.91346
304 15 10 60.201139
305 15 11 8.00036
306 15 12 30.32794
307 15 13 42.107998
308 15 14 0.0
309 15 16 0.0
310 15 17 115.260941
311 15 18 25.249581999999997
312 15 19 339.313304
313 15 20 76.504439
314 15 21 11.718034
315 15 22 529.9649119999999
316 16 1 10.256695
317 16 2 46.429877
318 16 3 13.110769999999999
319 16 4 16.280077
320 16 5 122.007681
321 16 6 49.399113
322 16 7 967.209411
323 16 8 0.384959
324 16 9 10.892334000000002
325 16 10 6.740499
326 16 11 0.21660300000000002
327 16 12 5.853956
328 16 13 593.138435
329 16 14 0.0
330 16 15 0.0
331 16 17 14.260643
332 16 18 25.567458000000002
333 16 19 80.516991
334 16 20 4.115567
335 16 21 2.347486
336 16 22 427.97927300000003
337 17 1 0.0
338 17 2 0.26951600000000003
339 17 3 2.285183
340 17 4 0.0
341 17 5 57.832397
342 17 6 14.622885
343 17 7 44.887734
344 17 8 1.083014
345 17 9 1.49637
346 17 10 18.502898
347 17 11 0.011696
348 17 12 2.186666
349 17 13 3.427352
350 17 14 0.0
351 17 15 30.069108
352 17 16 119.28957399999999
353 17 18 1.205711
354 17 19 22.346025
355 17 20 39.048454
356 17 21 0.0
357 17 22 15.414902000000001
358 18 1 0.499784
359 18 2 0.113644
360 18 3 9.866337999999999
361 18 4 0.144177
362 18 5 143.93635799999998
363 18 6 7.9851220000000005
364 18 7 2.9568090000000002
365 18 8 0.008997
366 18 9 1.054618
367 18 10 1.349213
368 18 11 0.65307
369 18 12 0.43376800000000004
370 18 13 13.227730999999999
371 18 14 0.0
372 18 15 1.272458
373 18 16 11.933005999999999
374 18 17 1.007777
375 18 19 1853.419592
376 18 20 3.3315340000000004
377 18 21 0.016812999999999998
378 18 22 488.163655
379 19 1 94.63975400000001
380 19 2 67.63316900000001
381 19 3 126.59356600000001
382 19 4 6.625843
383 19 5 489.20899499999996
384 19 6 25.456176
385 19 7 52.295585
386 19 8 1.125413
387 19 9 1.520663
388 19 10 12.974747
389 19 11 0.215029
390 19 12 1.0443829999999998
391 19 13 18.246541
392 19 14 0.0
393 19 15 418.372892
394 19 16 683.9889900000001
395 19 17 96.64361199999999
396 19 18 605.633304
397 19 20 7.625466
398 19 21 7.615062999999999
399 19 22 504.99254900000005
400 20 1 2.285407
401 20 2 1.333918
402 20 3 21.888359
403 20 4 0.650652
404 20 5 3490.225206
405 20 6 3.302518
406 20 7 0.663923
407 20 8 0.026765999999999998
408 20 9 1.751436
409 20 10 614.901061
410 20 11 0.002924
411 20 12 0.011021
412 20 13 2.181885
413 20 14 0.0
414 20 15 2.977839
415 20 16 22.632748
416 20 17 6.6191510000000005
417 20 18 1.352587
418 20 19 355.321334
419 20 21 0.765926
420 20 22 1.96354
421 21 1 0.002249
422 21 2 0.0
423 21 3 3.522833
424 21 4 0.0
425 21 5 3.2033270000000003
426 21 6 2.5365919999999997
427 21 7 13.001625
428 21 8 0.098967
429 21 9 0.058311999999999996
430 21 10 2.84997
431 21 11 0.007198
432 21 12 0.300612
433 21 13 0.750631
434 21 14 0.0
435 21 15 1.2490649999999999
436 21 16 7.21391
437 21 17 0.0
438 21 18 0.126633
439 21 19 6.876691
440 21 20 1.970681
441 21 22 0.253828
442 22 1 1.993792
443 22 2 3.4847080000000004
444 22 3 283.354251
445 22 4 14.178040000000001
446 22 5 178.62548299999997
447 22 6 55.34320700000001
448 22 7 66.469858
449 22 8 2.626393
450 22 9 0.43911
451 22 10 2.919584
452 22 11 0.005848000000000001
453 22 12 3.7849260000000005
454 22 13 46.145346
455 22 14 0.0
456 22 15 92.516743
457 22 16 772.178456
458 22 17 8.203805
459 22 18 464.26503
460 22 19 815.4496529999999
461 22 20 2.862959
462 22 21 5.78721
