1 1 2 49.66566467234326
2 1 3 313.7407180947119
3 1 4 0.0
4 1 5 59.857229274137616
5 1 6 9.859618229200299
6 1 7 46.712551603094624
7 1 8 8.854249748256217
8 1 9 87.30829122383402
9 1 10 149.9388389190644
10 1 11 2.539309556239224
11 1 12 3.5702110943597254
12 1 13 5.848210818022274
13 1 14 2.5486777260874552e-55
14 1 15 13.278033464808573
15 1 16 72.35984335396093
16 1 17 0.001046435706266303
17 1 18 4.73006652214308
18 1 19 60.29401590645215
19 1 20 77.56432763948052
20 1 21 0.0
21 1 22 23.00090745437535
22 2 1 186.7949445852391
23 2 3 30.957159117379216
24 2 4 3.8886550490221996
25 2 5 64.53342098186474
26 2 6 16.466126778999207
27 2 7 84.5667058354682
28 2 8 1.1870423336346523
29 2 9 0.0427244506496897
30 2 10 26.59205761179375
31 2 11 0.4910829054034339
32 2 12 0.19353788021100093
33 2 13 0.9631893005034551
34 2 14 2.222326419498438e-05
35 2 15 19.67852453020022
36 2 16 285.0393728795485
37 2 17 18.844925095796278
38 2 18 3.8401271092462106
39 2 19 186.42412909892252
40 2 20 1.7445956942439722
41 2 21 0.9743655489490898
42 2 22 110.17302551404055
43 3 1 313.1969273708679
44 3 2 116.05716231016714
45 3 4 31.72127717866331
46 3 5 248.84068
47 3 6 127.96140056111058
48 3 7 101.91133263490646
49 3 8 27.57783435745863
50 3 9 0.04807240600622241
51 3 10 40.24136839944944
52 3 11 0.9626987500287597
53 3 12 4.637950682937248
54 3 13 96.33517764764862
55 3 14 4.787909450554956e-40
56 3 15 88.92077388916336
57 3 16 186.99405679010857
58 3 17 91.6619264381529
59 3 18 191.4714517337167
60 3 19 246.52046823022974
61 3 20 14.140673594277326
62 3 21 19.836441583807733
63 3 22 555.1363147459155
64 4 1 0.0
65 4 2 6.385113051672963
66 4 3 22.908067725230108
67 4 5 104.4327318663649
68 4 6 111.16730634303858
69 4 7 21.60382951808679
70 4 8 24.23448552083389
71 4 9 21.438787587470472
72 4 10 131.7104442855933
73 4 11 11.746260969744505
74 4 12 4.78991149145434
75 4 13 93.02026909700673
76 4 14 4.606514115333557e-19
77 4 15 69.90299955502744
78 4 16 164.93908284131066
79 4 17 0.00020205615571934808
80 4 18 3.8801808788252536
81 4 19 242.4418662301298
82 4 20 35.35554111490823
83 4 21 0.0
84 4 22 84.65473973909678
85 5 1 69.43547407315431
86 5 2 95.47128642254769
87 5 3 62.79280923665069
88 5 4 54.54137785229938
89 5 6 705.013524
90 5 7 333.20499816781006
91 5 8 5909.165901026798
92 5 9 1904.710811898829
93 5 10 5541.159944052353
94 5 11 6.184357236275815
95 5 12 1090.8381334701396
96 5 13 802.8760224447785
97 5 14 3.495903989449651e-53
98 5 15 155.7471124081792
99 5 16 890.5966120182732
100 5 17 166.16862963816462
101 5 18 160.1948036420285
102 5 19 482.0100534287755
103 5 20 7091.990726839368
104 5 21 11.627574224418703
105 5 22 680.586661
106 6 1 12.688406363187802
107 6 2 14.858337269075939
108 6 3 65.90015848729323
109 6 4 53.07735512747063
110 6 5 579.16600638422
111 6 7 76.97763161280571
112 6 8 29.71648833346756
113 6 9 13.942268831095973
114 6 10 43.61455019363687
115 6 11 1.3895854650540795
116 6 12 3.3327054832501353
117 6 13 202.9646898784784
118 6 14 2.678409856554471e-45
119 6 15 93.56014575909846
120 6 16 346.23111149729255
121 6 17 146.41681400505496
122 6 18 40.67578522632628
123 6 19 80.02795426421494
124 6 20 13.404176120825353
125 6 21 56.30582414701339
126 6 22 381.2536427577981
127 7 1 17.30552324279461
128 7 2 26.206681301098072
129 7 3 354.5959966314647
130 7 4 91.83619800157254
131 7 5 212.73414019447344
132 7 6 97.22433529172142
133 7 8 20.601205176099935
134 7 9 10.251294794140986
135 7 10 24.33289350608884
136 7 11 6.908117961859584
137 7 12 6.703255249237948
138 7 13 14.508175386730677
139 7 14 1.0567602050180029e-21
140 7 15 75.69570048045013
141 7 16 508.36099440693954
142 7 17 72.52423331783258
143 7 18 21.560049516902573
144 7 19 45.07674065081283
145 7 20 24.86603153163168
146 7 21 6.327480581772336
147 7 22 172.43121286120245
148 8 1 9.030739941484143
149 8 2 2.5760341320830005
150 8 3 46.10493319698608
151 8 4 33.79184304296482
152 8 5 9406.057751364267
153 8 6 32.27448940435967
154 8 7 14.887217964792413
155 8 9 16.49681853083026
156 8 10 31.502948258185796
157 8 11 0.09329576088509062
158 8 12 0.9812421347032798
159 8 13 12.891308882492625
160 8 14 0.00045439626651144137
161 8 15 50.8782591477294
162 8 16 118.6840849510353
163 8 17 25.330148319881882
164 8 18 9.703434440278393
165 8 19 1662.9871133082027
166 8 20 26.201843766828482
167 8 21 3.8376626939801497
168 8 22 1737.8490712502582
169 9 1 6.823836759532697
170 9 2 0.39833477363618885
171 9 3 32.7642889576841
172 9 4 9.108132613242464
173 9 5 4217.256787175294
174 9 6 0.9020121777154297
175 9 7 0.9281296535382859
176 9 8 9.284008462306808
177 9 10 2122.070476555869
178 9 11 0.0180078506332541
179 9 12 0.20558578681335837
180 9 13 0.14915988169058592
181 9 14 2.358758565132004e-12
182 9 15 22.57404779145799
183 9 16 70.15840416989566
184 9 17 14.192480182614432
185 9 18 8.131674344099274
186 9 19 1123.3904450620037
187 9 20 32.9807318385401
188 9 21 1.8690797344227994
189 9 22 22.62137840640346
190 10 1 20.638649865767672
191 10 2 1.2834273574982906
192 10 3 92.96163160640816
193 10 4 87.42717711012004
194 10 5 7273.521345666214
195 10 6 28.448697462313742
196 10 7 29.55123028946363
197 10 8 29.640912926477338
198 10 9 1793.576409025656
199 10 11 0.8090512690633309
200 10 12 0.1558937199204379
201 10 13 0.6635213471222257
202 10 14 1.433176454331863e-06
203 10 15 84.99455816517444
204 10 16 145.57999956081895
205 10 17 70.8183780836515
206 10 18 13.13454855876868
207 10 19 2018.9147607377602
208 10 20 39.12061759959605
209 10 21 30.086907376104847
210 10 22 52.2755731265637
211 11 1 8.173539624776872
212 11 2 1.088323482092278
213 11 3 3.194690064794687
214 11 4 3.2913264387277557
215 11 5 18.823288256077667
216 11 6 7.685186694344815
217 11 7 7.967603152948124
218 11 8 2.995365505659857
219 11 9 0.1046925038606754
220 11 10 1.6183236318112368
221 11 12 0.15690084967847126
222 11 13 31.28619779761316
223 11 14 1.6768977464922136e-09
224 11 15 9.168572939649042
225 11 16 0.7703355945195833
226 11 17 8.86918927045736
227 11 18 3.8316848525982588
228 11 19 10.175362999222871
229 11 20 0.4658497122622371
230 11 21 0.08111080773159633
231 11 22 3.782420303835659
232 12 1 1.8232941729932355
233 12 2 0.24984605853031025
234 12 3 9.166424368348405
235 12 4 0.2065065093802529
236 12 5 326.7470956193969
237 12 6 1.3869527772485388
238 12 7 1.1913213799815476
239 12 8 1.4915731308268376
240 12 9 0.1973890948350901
241 12 10 0.9825173720563637
242 12 11 0.17297759910179739
243 12 13 2.550662783695127
244 12 14 1.2249680762110495e-47
245 12 15 1.6708159456132456
246 12 16 32.66096938819615
247 12 17 0.3457556681502529
248 12 18 0.0922576630259555
249 12 19 37.93963465082355
250 12 20 0.08923631819520586
251 12 21 0.08400340547295082
252 12 22 64.38416245270646
253 13 1 26.081897906071863
254 13 2 23.134352140124506
255 13 3 430.17803073370095
256 13 4 55.01204480202828
257 13 5 530.258986209492
258 13 6 254.41745278533222
259 13 7 71.63073147299582
260 13 8 6.900308531664629
261 13 9 56.084503167920886
262 13 10 33.131243947805864
263 13 11 2.2272906858304986
264 13 12 1.151092970836726
265 13 14 1.868770213314046e-07
266 13 15 51.70048142022342
267 13 16 648.7865834150398
268 13 17 67.84484879582367
269 13 18 3.9440260003788876
270 13 19 71.68653177948639
271 13 20 27.446118094467902
272 13 21 18.917192394171366
273 13 22 444.35490448154087
274 14 1 0.18283995984448068
275 14 2 0.5870351373964408
276 14 3 0.9519832137952176
277 14 4 0.08932808695131672
278 14 5 142.34073251015292
279 14 6 1.564069227271127
280 14 7 3.1296881020229166
281 14 8 0.24712889678881034
282 14 9 0.06305192692252454
283 14 10 0.3810201811620344
284 14 11 0.05508583676854646
285 14 12 0.08111520938109297
286 14 13 0.04514960545793513
287 14 15 0.43198136634942486
288 14 16 2.331804385201268
289 14 17 0.23553551316553462
290 14 18 0.16408698474223515
291 14 19 13.713007000000001
292 14 20 0.10045528846006263
293 14 21 0.10855207317102579
294 14 22 46.86823698575562
295 15 1 137.59120302660733
296 15 2 188.0672698051302
297 15 3 97.3589464678075
298 15 4 396.9570528413005
299 15 5 770.8313511070926
300 15 6 583.7506150104274
301 15 7 292.8424200050548
302 15 8 187.86838350270315
303 15 9 81.57443161507658
304 15 10 370.2963224424211
305 15 11 5.527083814932772
306 15 12 27.011938462476138
307 15 13 176.1315993711074
308 15 14 1.5189519928501861e-136
309 15 16 0.0
310 15 17 313.2572382790788
311 15 18 119.34225969917611
312 15 19 1749.007698121336
313 15 20 260.46013115991957
314 15 21 50.73481500331023
315 15 22 1489.7182039158854
316 16 1 25.116070507380815
317 16 2 95.86891322522908
318 16 3 705.1784017804912
319 16 4 29.79342250290486
320 16 5 1137.1956784126478
321 16 6 146.95278443142354
322 16 7 390.7958165953575
323 16 8 77.89862258085486
324 16 9 26.495885014459457
325 16 10 65.68843917155147
326 16 11 0.014907744230909032
327 16 12 46.6711147205073
328 16 13 24.535186257143632
329 16 14 2.973185132538022e-28
330 16 15 0.0
331 16 17 59.00309846274088
332 16 18 51.39959351985885
333 16 19 174.9635111127088
334 16 20 29.138796707729288
335 16 21 6.687848271584227
336 16 22 758.7659480952602
337 17 1 3.709434429737741e-05
338 17 2 6.612746834191075
339 17 3 7.6524024369350885
340 17 4 0.0
341 17 5 211.88360573071373
342 17 6 107.85093527675247
343 17 7 16.625764201666346
344 17 8 31.218694589218718
345 17 9 10.248958888119747
346 17 10 124.01556289753584
347 17 11 0.38570274900646406
348 17 12 5.676245428572781
349 17 13 8.7677537959061
350 17 14 5.0182125383000196e-65
351 17 15 73.2306554976954
352 17 16 189.17781269423386
353 17 18 10.715654251299485
354 17 19 126.27504657648011
355 17 20 113.28411248528161
356 17 21 0.0
357 17 22 32.897912520189195
358 18 1 1.4457654199903152
359 18 2 2.9233500590043633
360 18 3 15.241690922795467
361 18 4 5.746144255224211
362 18 5 518.896349
363 18 6 34.675066407233494
364 18 7 2.304136616277833
365 18 8 6.963061533918286
366 18 9 14.850767642832935
367 18 10 9.02775307684293
368 18 11 0.14481129767587822
369 18 12 0.04275175442633852
370 18 13 9.974521392303247
371 18 14 0.0
372 18 15 8.876868610016107
373 18 16 47.14235232449195
374 18 17 10.632590537559032
375 18 19 2815.314468291503
376 18 20 13.6124961118641
377 18 21 0.4865798913480666
378 18 22 911.413705680358
379 19 1 160.46130782021933
380 19 2 80.99557606807828
381 19 3 263.97910412390917
382 19 4 103.90313057844942
383 19 5 1074.3585899294878
384 19 6 190.0350248215814
385 19 7 134.21818447181406
386 19 8 87.74618202376267
387 19 9 21.085241395335878
388 19 10 204.69003539890392
389 19 11 6.6264155911777065
390 19 12 4.309592761167084
391 19 13 186.06570482430735
392 19 14 1.1483060636041457e-07
393 19 15 568.0206904186465
394 19 16 1212.2393115943546
395 19 17 118.30955765627024
396 19 18 2366.405417679564
397 19 20 187.6576792224772
398 19 21 41.51674676072442
399 19 22 888.681983799132
400 20 1 33.98621220778253
401 20 2 8.799414615566462
402 20 3 70.96455473153968
403 20 4 52.320150092626236
404 20 5 5209.287663
405 20 6 4.9980515849987475
406 20 7 2.8652239991113735
407 20 8 44.67259713046591
408 20 9 21.53972322205427
409 20 10 1417.6822073993537
410 20 11 0.0
411 20 12 0.6568021696093975
412 20 13 0.7064968232202044
413 20 14 1.6407473327298683e-59
414 20 15 59.69223171918938
415 20 16 86.83858577655457
416 20 17 60.24510303217859
417 20 18 7.766498397662582
418 20 19 1099.0654974310335
419 20 21 12.481500152294501
420 20 22 21.783520818628137
421 21 1 0.0
422 21 2 4.640076210871183
423 21 3 12.546104872247543
424 21 4 0.0
425 21 5 19.308638880255693
426 21 6 55.97656311576104
427 21 7 2.02930049311158
428 21 8 1.8170895349573473
429 21 9 9.654847204774024
430 21 10 49.192672435763356
431 21 11 0.04136739070863068
432 21 12 0.13514926784232478
433 21 13 34.44233027325711
434 21 14 0.0
435 21 15 43.86962411482296
436 21 16 31.521783486677393
437 21 17 0.0
438 21 18 10.807048237131758
439 21 19 22.873894323116172
440 21 20 18.93156485433089
441 21 22 12.759446412490709
442 22 1 31.652672666363006
443 22 2 20.92380722238188
444 22 3 352.1673089151586
445 22 4 48.98247813446328
446 22 5 521.3124209038652
447 22 6 517.8623745656973
448 22 7 208.82775100648507
449 22 8 83.47054234940262
450 22 9 19.482414363350358
451 22 10 39.00501272278949
452 22 11 0.5697702551817948
453 22 12 26.715533851617845
454 22 13 26.36342285158252
455 22 14 0.0
456 22 15 68.38720087707023
457 22 16 1423.1462936227258
458 22 17 52.650482408649594
459 22 18 2129.026887011739
460 22 19 1695.3033665724643
461 22 20 24.39840838839537
462 22 21 18.465400644541564
