1 1 2 43.813604
2 1 3 343.439723
3 1 4 0.0
4 1 5 146.799373
5 1 6 26.306168
6 1 7 58.725237
7 1 8 2.41727
8 1 9 113.615614
9 1 10 127.918993
10 1 11 0.358474
11 1 12 5.397583
12 1 13 0.771211
13 1 14 0.0
14 1 15 11.535957
15 1 16 87.48814999999999
16 1 17 0.002249
17 1 18 4.366302
18 1 19 57.492592
19 1 20 78.86199099999999
20 1 21 0.0
21 1 22 16.388041
22 2 1 164.244955
23 2 3 13.789593
24 2 4 7.255464
25 2 5 43.731788
26 2 6 83.15884700000001
27 2 7 66.11284500000001
28 2 8 2.422668
29 2 9 0.177747
30 2 10 20.987758
31 2 11 0.169593
32 2 12 0.08311
33 2 13 1.241924
34 2 14 0.0
35 2 15 41.209591
36 2 16 263.247075
37 2 17 13.103628
38 2 18 8.24879
39 2 19 163.87579599999998
40 2 20 1.001592
41 2 21 1.950775
42 2 22 239.274167
43 3 1 192.696064
44 3 2 179.156475
45 3 4 202.42323
46 3 5 210.878669
47 3 6 164.615856
48 3 7 149.087535
49 3 8 32.923632
50 3 9 0.217109
51 3 10 42.654172
52 3 11 1.547147
53 3 12 1.60366
54 3 13 57.360898000000006
55 3 14 0.0
56 3 15 108.728892
57 3 16 138.299454
58 3 17 86.350197
59 3 18 198.616373
60 3 19 213.847794
61 3 20 12.422725
62 3 21 52.374027999999996
63 3 22 809.832712
64 4 1 0.0
65 4 2 0.28976
66 4 3 49.779742
67 4 5 36.282325
68 4 6 170.398567
69 4 7 28.627789
70 4 8 23.307636000000002
71 4 9 6.94175
72 4 10 36.183078
73 4 11 86.420879
74 4 12 32.299071999999995
75 4 13 269.642201
76 4 14 0.0
77 4 15 254.258957
78 4 16 135.57848
79 4 17 0.0
80 4 18 4.365459
81 4 19 252.375996
82 4 20 19.918802
83 4 21 0.0
84 4 22 99.028886
85 5 1 116.866906
86 5 2 90.067702
87 5 3 37.859163
88 5 4 63.069833
89 5 6 795.433177
90 5 7 206.959294
91 5 8 5410.319955999999
92 5 9 2018.3547859999999
93 5 10 5247.057305
94 5 11 13.822039
95 5 12 976.695232
96 5 13 710.234485
97 5 14 0.0
98 5 15 150.194954
99 5 16 840.907854
100 5 17 139.478792
101 5 18 110.892053
102 5 19 436.52788799999996
103 5 20 6876.5539229999995
104 5 21 5.9894739999999995
105 5 22 585.193857
106 6 1 13.287336
107 6 2 13.969984
108 6 3 52.764555
109 6 4 141.169554
110 6 5 552.163779
111 6 7 70.666565
112 6 8 24.627215
113 6 9 6.118243
114 6 10 15.138975
115 6 11 0.410375
116 6 12 1.238606
117 6 13 181.65870999999999
118 6 14 0.0
119 6 15 127.668427
120 6 16 426.372127
121 6 17 114.82914099999999
122 6 18 65.174233
123 6 19 65.798738
124 6 20 12.564371000000001
125 6 21 14.983497
126 6 22 284.264973
127 7 1 23.191855
128 7 2 20.405652
129 7 3 286.707941
130 7 4 97.41448600000001
131 7 5 178.739182
132 7 6 142.406417
133 7 8 12.265951000000001
134 7 9 5.604008
135 7 10 27.45964
136 7 11 7.89279
137 7 12 14.277231
138 7 13 16.991908000000002
139 7 14 0.0
140 7 15 10.360049
141 7 16 620.837902
142 7 17 81.953643
143 7 18 19.846433
144 7 19 28.983002
145 7 20 24.418541
146 7 21 3.822714
147 7 22 172.764722
148 8 1 5.511507
149 8 2 3.3268109999999997
150 8 3 68.964894
151 8 4 20.650483
152 8 5 9443.713738
153 8 6 32.185653
154 8 7 19.518266
155 8 9 27.965159
156 8 10 20.805119
157 8 11 0.148113
158 8 12 1.979172
159 8 13 11.618955
160 8 14 0.0
161 8 15 70.459465
162 8 16 91.122994
163 8 17 31.112929
164 8 18 12.950005
165 8 19 1519.352497
166 8 20 16.645073
167 8 21 2.080275
168 8 22 1736.437299
169 9 1 5.8067779999999996
170 9 2 0.020974
171 9 3 60.823618999999994
172 9 4 1.596799
173 9 5 4274.7129110000005
174 9 6 2.3043009999999997
175 9 7 1.8676650000000001
176 9 8 3.4742489999999995
177 9 10 2097.577951
178 9 11 0.458735
179 9 12 0.002249
180 9 13 0.007872
181 9 14 0.0
182 9 15 11.449417
183 9 16 55.856543
184 9 17 15.149041
185 9 18 8.335498
186 9 19 1126.788632
187 9 20 16.607511
188 9 21 3.4341
189 9 22 7.022442
190 10 1 22.16974
191 10 2 2.641238
192 10 3 96.658907
193 10 4 49.337595
194 10 5 7427.132767
195 10 6 29.039682
196 10 7 7.698848
197 10 8 42.154219999999995
198 10 9 2006.846888
199 10 11 2.157032
200 10 12 0.33986099999999997
201 10 13 0.5840179999999999
202 10 14 0.0
203 10 15 152.608624
204 10 16 156.973689
205 10 17 55.601870999999996
206 10 18 14.449018
207 10 19 1834.5321840000001
208 10 20 50.472905
209 10 21 87.010802
210 10 22 31.584653
211 11 1 2.422949
212 11 2 0.37152
213 11 3 0.30820400000000003
214 11 4 5.989192
215 11 5 16.485264
216 11 6 4.077948
217 11 7 5.682001
218 11 8 1.007327
219 11 9 0.524188
220 11 10 1.5148709999999999
221 11 12 0.105827
222 11 13 25.979464999999998
223 11 14 0.0
224 11 15 2.0984949999999998
225 11 16 0.768457
226 11 17 4.215152
227 11 18 1.1734339999999999
228 11 19 12.765903999999999
229 11 20 0.07996
230 11 21 0.087271
231 11 22 6.458836
232 12 1 0.101442
233 12 2 0.045884
234 12 3 10.639068
235 12 4 0.57727
236 12 5 331.691774
237 12 6 1.266778
238 12 7 0.803938
239 12 8 0.433205
240 12 9 0.003936
241 12 10 0.38704
242 12 11 0.007928000000000001
243 12 13 1.102358
244 12 14 0.0
245 12 15 0.750069
246 12 16 38.755321
247 12 17 0.245506
248 12 18 0.33536299999999997
249 12 19 39.292610999999994
250 12 20 0.03222
251 12 21 0.009672
252 12 22 79.064706
253 13 1 27.013332
254 13 2 25.753021
255 13 3 350.68962
256 13 4 55.548226
257 13 5 526.959463
258 13 6 230.916345
259 13 7 69.132689
260 13 8 16.172899
261 13 9 67.111737
262 13 10 16.848969
263 13 11 0.806019
264 13 12 1.5805479999999998
265 13 14 0.0
266 13 15 142.853344
267 13 16 617.048646
268 13 17 57.044484999999995
269 13 18 12.550481000000001
270 13 19 96.562245
271 13 20 10.595657
272 13 21 65.80610300000001
273 13 22 283.12100399999997
274 14 1 0.37995500000000004
275 14 2 0.503382
276 14 3 2.571343
277 14 4 0.003318
278 14 5 136.95833900000002
279 14 6 0.242357
280 14 7 0.599876
281 14 8 0.065453
282 14 9 0.07743
283 14 10 0.08029900000000001
284 14 11 0.093794
285 14 12 0.0
286 14 13 0.217615
287 14 15 0.134168
288 14 16 0.855503
289 14 17 0.119941
290 14 18 0.0067480000000000005
291 14 19 16.735831
292 14 20 0.012539999999999999
293 14 21 0.0
294 14 22 45.957252999999994
295 15 1 126.799429
296 15 2 89.831644
297 15 3 90.21649
298 15 4 125.728448
299 15 5 922.495937
300 15 6 487.654987
301 15 7 226.892997
302 15 8 194.644815
303 15 9 43.417343
304 15 10 339.54537
305 15 11 2.0618879999999997
306 15 12 20.435792
307 15 13 137.44412
308 15 14 0.0
309 15 16 0.008997
310 15 17 268.00187800000003
311 15 18 134.093243
312 15 19 1743.095419
313 15 20 258.801599
314 15 21 42.01814
315 15 22 1334.420284
316 16 1 26.058469000000002
317 16 2 63.937931999999996
318 16 3 292.45174
319 16 4 40.637606000000005
320 16 5 901.171016
321 16 6 100.16279
322 16 7 397.82565
323 16 8 32.212306999999996
324 16 9 23.838290999999998
325 16 10 57.940418
326 16 11 0.002249
327 16 12 58.699371
328 16 13 11.636441999999999
329 16 14 0.0
330 16 15 0.0
331 16 17 53.407896
332 16 18 71.84202400000001
333 16 19 166.896371
334 16 20 28.335273
335 16 21 6.2426829999999995
336 16 22 619.6777950000001
337 17 1 0.0
338 17 2 3.339125
339 17 3 4.5817239999999995
340 17 4 0.0
341 17 5 202.543284
342 17 6 134.804849
343 17 7 14.178658
344 17 8 19.784859
345 17 9 12.315773
346 17 10 60.312477
347 17 11 1.606583
348 17 12 6.149452
349 17 13 7.862031
350 17 14 0.0
351 17 15 134.764307
352 17 16 215.00154700000002
353 17 18 17.785837
354 17 19 148.184798
355 17 20 86.09845
356 17 21 0.0
357 17 22 37.235502
358 18 1 0.854996
359 18 2 2.852556
360 18 3 26.163622000000004
361 18 4 4.111237
362 18 5 539.9698599999999
363 18 6 27.841675000000002
364 18 7 1.1019079999999999
365 18 8 8.194639
366 18 9 9.880115
367 18 10 8.462468000000001
368 18 11 0.04611
369 18 12 0.131075
370 18 13 8.46438
371 18 14 0.0
372 18 15 5.96535
373 18 16 49.613578000000004
374 18 17 12.697526
375 18 19 2752.767085
376 18 20 6.364255
377 18 21 1.121251
378 18 22 874.1378910000001
379 19 1 183.061174
380 19 2 67.357355
381 19 3 284.640485
382 19 4 118.257956
383 19 5 1085.012455
384 19 6 188.716859
385 19 7 95.89433
386 19 8 63.502702
387 19 9 35.340677
388 19 10 263.373201
389 19 11 15.443243
390 19 12 3.218397
391 19 13 213.69343800000001
392 19 14 0.0
393 19 15 584.0927360000001
394 19 16 1110.4721180000001
395 19 17 100.44686999999999
396 19 18 2269.122905
397 19 20 118.60760099999999
398 19 21 38.161237
399 19 22 1075.3879120000001
400 20 1 13.919319999999999
401 20 2 1.797714
402 20 3 133.305667
403 20 4 38.504023
404 20 5 5234.444744
405 20 6 4.189736
406 20 7 2.666937
407 20 8 36.468508
408 20 9 121.05624800000001
409 20 10 1132.50679
410 20 11 0.22115800000000002
411 20 12 0.7956719999999999
412 20 13 0.506419
413 20 14 0.0
414 20 15 59.776030999999996
415 20 16 105.736658
416 20 17 78.332124
417 20 18 6.505564
418 20 19 1289.233006
419 20 21 26.853242
420 20 22 22.392978
421 21 1 0.002249
422 21 2 0.133493
423 21 3 21.494402
424 21 4 0.0
425 21 5 72.039621
426 21 6 37.312595
427 21 7 0.792129
428 21 8 59.603907
429 21 9 11.510259000000001
430 21 10 46.366785
431 21 11 0.042286
432 21 12 0.102003
433 21 13 32.091016
434 21 14 0.0
435 21 15 35.808296999999996
436 21 16 41.656966
437 21 17 0.0
438 21 18 21.820656
439 21 19 9.926393000000001
440 21 20 13.888335999999999
441 21 22 13.68461
442 22 1 41.060972
443 22 2 36.665879000000004
444 22 3 202.032816
445 22 4 30.998724000000003
446 22 5 431.148299
447 22 6 510.394913
448 22 7 138.475908
449 22 8 97.381085
450 22 9 21.859905
451 22 10 39.755449999999996
452 22 11 0.30078099999999997
453 22 12 22.296315999999997
454 22 13 12.596647999999998
455 22 14 0.0
456 22 15 150.478697
457 22 16 1462.142805
458 22 17 37.774366
459 22 18 2137.632439
460 22 19 1676.477449
461 22 20 31.915631
462 22 21 26.688597
