data;
param D := 462;
param E := 72;
param V := 22;
param: link_src link_dest link_capacity link_cost :=
1 1 3 10000 804
2 1 5 10000 598
3 1 10 10000 218
4 1 16 10000 6802
5 1 20 10000 277
6 2 7 10000 264
7 2 14 10000 186
8 2 15 10000 169
9 3 7 10000 410
10 3 13 10000 250
11 4 5 10000 411
12 4 17 10000 309
13 4 21 10000 290
14 5 7 10000 478
15 5 8 10000 1794
16 5 11 10000 1088
17 5 13 10000 518
18 5 15 10000 358
19 5 19 10000 1184
20 6 7 10000 1054
21 6 13 10000 1189
22 6 18 10000 503
23 7 14 10000 287
24 7 22 10000 343
25 8 13 10000 1453
26 9 10 10000 304
27 9 20 10000 115
28 10 21 10000 163
29 11 22 10000 463
30 12 13 10000 2658
31 12 15 10000 3296
32 15 22 10000 359
33 16 22 10000 5575
34 17 19 10000 777
35 18 22 10000 1588
36 19 22 10000 1426
37 3 1 10000 804
38 5 1 10000 598
39 10 1 10000 218
40 16 1 10000 6802
41 20 1 10000 277
42 7 2 10000 264
43 14 2 10000 186
44 15 2 10000 169
45 7 3 10000 410
46 13 3 10000 250
47 5 4 10000 411
48 17 4 10000 309
49 21 4 10000 290
50 7 5 10000 478
51 8 5 10000 1794
52 11 5 10000 1088
53 13 5 10000 518
54 15 5 10000 358
55 19 5 10000 1184
56 7 6 10000 1054
57 13 6 10000 1189
58 18 6 10000 503
59 14 7 10000 287
60 22 7 10000 343
61 13 8 10000 1453
62 10 9 10000 304
63 20 9 10000 115
64 21 10 10000 163
65 22 11 10000 463
66 13 12 10000 2658
67 15 12 10000 3296
68 22 15 10000 359
69 22 16 10000 5575
70 19 17 10000 777
71 22 18 10000 1588
72 22 19 10000 1426; 
param: w :=
1 1
2 1
3 1
4 1
5 1
6 1
7 1
8 1
9 1
10 1
11 1
12 1
13 1
14 1
15 1
16 1
17 1
18 1
19 1
20 1
21 1
22 1
23 1
24 1
25 1
26 1
27 1
28 1
29 1
30 1
31 1
32 1
33 1
34 1
35 1
36 1
37 1
38 1
39 1
40 1
41 1
42 1
43 1
44 1
45 1
46 1
47 1
48 1
49 1
50 1
51 1
52 1
53 1
54 1
55 1
56 1
57 1
58 1
59 1
60 1
61 1
62 1
63 1
64 1
65 1
66 1
67 1
68 1
69 1
70 1
71 1
72 1;
param: demand_src demand_dest demand :=
1 1 2 37.81278
2 1 3 120.38674
3 1 4 0.001584724
4 1 5 217.40529
5 1 6 0.16684066
6 1 7 0.0
7 1 8 374.20883
8 1 9 1340.3832
9 1 10 4182.956
10 1 11 0.47571594
11 1 12 1022.75995
12 1 13 109.34395
13 1 14 0.30144802
14 1 15 29.913973
15 1 16 4.443909
16 1 17 0.13870524
17 1 18 0.60697675
18 1 19 2072.5566
19 1 20 3793.3572
20 1 21 0.0
21 1 22 13.287618
22 2 1 3.61316
23 2 3 53.838543
24 2 4 4.2070575
25 2 5 47.590046
26 2 6 32.380867
27 2 7 25.772762
28 2 8 0.15213083
29 2 9 0.1378313
30 2 10 3.5382254
31 2 11 3.6076107
32 2 12 1.6638048
33 2 13 3.9403996
34 2 14 0.5015844
35 2 15 151.64542
36 2 16 11.066161
37 2 17 0.45548874
38 2 18 1.0709536
39 2 19 719.307
40 2 20 2.8805368
41 2 21 0.43895572
42 2 22 13.396682
43 3 1 3679.3765
44 3 2 35.725163
45 3 4 7.080166
46 3 5 753.4668
47 3 6 1048.8663
48 3 7 295.41705
49 3 8 4.318016
50 3 9 5.632189
51 3 10 103.312515
52 3 11 6.420657
53 3 12 20.497417
54 3 13 6.5421786
55 3 14 0.30565393
56 3 15 454.71967
57 3 16 36.471146
58 3 17 14.069608
59 3 18 180.41286
60 3 19 16356.259
61 3 20 6.3562245
62 3 21 6.3510327
63 3 22 124.911606
64 4 1 548.56696
65 4 2 0.0
66 4 3 8.831693
67 4 5 130.94742
68 4 6 5.4219794
69 4 7 57.7373
70 4 8 0.15725414
71 4 9 0.57613075
72 4 10 62.474922
73 4 11 0.3600326
74 4 12 1.6072546
75 4 13 0.18986236
76 4 14 0.9775558
77 4 15 119.94306
78 4 16 10.483627
79 4 17 0.62801045
80 4 18 1.9655416
81 4 19 51.0434
82 4 20 10.8376045
83 4 21 0.0150948465
84 4 22 3.1870985
85 5 1 1635.3561
86 5 2 108.47629
87 5 3 322.7457
88 5 4 163.86827
89 5 6 272.49893
90 5 7 113.68359
91 5 8 272.0283
92 5 9 12.640757
93 5 10 196.91087
94 5 11 75.81626
95 5 12 464.4744
96 5 13 86.180534
97 5 14 0.03573035
98 5 15 535.5216
99 5 16 149.90323
100 5 17 17.41241
101 5 18 110.847595
102 5 19 1806.9109
103 5 20 2065.541
104 5 21 28.73424
105 5 22 387.94745
106 6 1 154.54211
107 6 2 5.0030475
108 6 3 82.26105
109 6 4 3.2370007
110 6 5 331.1924
111 6 7 18.358105
112 6 8 9.640513
113 6 9 4.2358646
114 6 10 16.566263
115 6 11 8.642219
116 6 12 2.0068436
117 6 13 44.004597
118 6 14 0.12009078
119 6 15 28.28569
120 6 16 16.908913
121 6 17 0.77719086
122 6 18 12.300966
123 6 19 26.367739
124 6 20 4.1818285
125 6 21 1.9493271
126 6 22 76.03888
127 7 1 13.077502
128 7 2 16.783207
129 7 3 50.109505
130 7 4 23.25268
131 7 5 106.62095
132 7 6 25.724335
133 7 8 8.3195715
134 7 9 1.2088823
135 7 10 3.4622529
136 7 11 1.9286087
137 7 12 1.4560314
138 7 13 7.7053204
139 7 14 0.4892591
140 7 15 488.98203
141 7 16 15.048518
142 7 17 5.661844
143 7 18 1.6533749
144 7 19 328.17285
145 7 20 1.2332473
146 7 21 1.5163354
147 7 22 102.38955
148 8 1 176.70825
149 8 2 2.6264896
150 8 3 129.65227
151 8 4 7.2062035
152 8 5 6763.3125
153 8 6 5.3117104
154 8 7 0.0052800924
155 8 9 3.627915
156 8 10 139.66759
157 8 11 0.3561859
158 8 12 2.1112957
159 8 13 19.951078
160 8 14 0.24437356
161 8 15 49.54171
162 8 16 5.6806
163 8 17 1.837737
164 8 18 4.1693254
165 8 19 357.97327
166 8 20 15.39425
167 8 21 3.8420565
168 8 22 696.9705
169 9 1 2732.0117
170 9 2 1.3060565
171 9 3 25.192554
172 9 4 0.019682575
173 9 5 217.5209
174 9 6 0.6667437
175 9 7 0.047697566
176 9 8 0.20665061
177 9 10 704.7284
178 9 11 0.15039298
179 9 12 0.13497925
180 9 13 10.780908
181 9 14 0.7897617
182 9 15 5.1063085
183 9 16 0.667268
184 9 17 0.005906759
185 9 18 0.3440308
186 9 19 72.02058
187 9 20 5.708008
188 9 21 1.5228093
189 9 22 1.4393164
190 10 1 5902.01
191 10 2 1.4524387
192 10 3 81.74625
193 10 4 0.10202708
194 10 5 542.0842
195 10 6 0.34211767
196 10 7 0.08762117
197 10 8 0.9076407
198 10 9 852.07446
199 10 11 0.9973143
200 10 12 0.36447063
201 10 13 8.902931
202 10 14 0.24958777
203 10 15 37.475494
204 10 16 8.529711
205 10 17 3.63872
206 10 18 1.0724361
207 10 19 254.73204
208 10 20 16.58002
209 10 21 21.208652
210 10 22 7.550315
211 11 1 0.28148878
212 11 2 1.9165803
213 11 3 7.397061
214 11 4 1.6608144
215 11 5 61.494984
216 11 6 2.037195
217 11 7 8.822543
218 11 8 0.6569657
219 11 9 0.36518314
220 11 10 1.8155093
221 11 12 1.0202184
222 11 13 1.3184314
223 11 14 0.67787486
224 11 15 33.587715
225 11 16 9.214232
226 11 17 4.825946
227 11 18 0.7001065
228 11 19 67.892815
229 11 20 0.76826775
230 11 21 0.707251
231 11 22 1.8833241
232 12 1 26.306694
233 12 2 0.85352045
234 12 3 20.057009
235 12 4 0.17497917
236 12 5 434.82462
237 12 6 2.2227542
238 12 7 1.6486886
239 12 8 0.7769196
240 12 9 0.0129949935
241 12 10 7.667588
242 12 11 0.053621206
243 12 13 17.350637
244 12 14 0.0059941737
245 12 15 7.8310914
246 12 16 2.1514447
247 12 17 0.00901445
248 12 18 0.1965386
249 12 19 15.310032
250 12 20 0.29416302
251 12 21 0.07371964
252 12 22 24.329271
253 13 1 91.45545
254 13 2 52.84471
255 13 3 384.6424
256 13 4 12.343725
257 13 5 399.26755
258 13 6 24.158669
259 13 7 31.921461
260 13 8 19.144516
261 13 9 0.92115647
262 13 10 12.959228
263 13 11 3.9570312
264 13 12 2.4055073
265 13 14 0.14190654
266 13 15 569.6835
267 13 16 14.600929
268 13 17 1.3741853
269 13 18 19.357912
270 13 19 49.404854
271 13 20 10.212278
272 13 21 0.9975215
273 13 22 58.871853
274 14 1 0.7636756
275 14 2 1.25169
276 14 3 4.8202696
277 14 4 0.057879396
278 14 5 265.05505
279 14 6 0.45241243
280 14 7 0.6247511
281 14 8 0.0398998
282 14 9 0.0250131
283 14 10 4.608291
284 14 11 0.08245748
285 14 12 0.06532567
286 14 13 0.21953852
287 14 15 0.8604317
288 14 16 0.048240475
289 14 17 0.60524666
290 14 18 0.15370633
291 14 19 5.474572
292 14 20 0.24150828
293 14 21 0.30016726
294 14 22 19.955652
295 15 1 11.96435
296 15 2 360.0494
297 15 3 167.3583
298 15 4 51.306335
299 15 5 496.12018
300 15 6 11.172584
301 15 7 13.8853855
302 15 8 3.7134368
303 15 9 8.802709
304 15 10 68.60198
305 15 11 2.6562223
306 15 12 1.7054099
307 15 13 3.498698
308 15 14 0.057435174
309 15 16 0.3095528
310 15 17 23.26788
311 15 18 3.2451794
312 15 19 236.07924
313 15 20 24.976536
314 15 21 4.0329676
315 15 22 188.2644
316 16 1 1480.3328
317 16 2 345.29092
318 16 3 1049.5956
319 16 4 0.04080403
320 16 5 1928.0276
321 16 6 199.81946
322 16 7 2.6705973
323 16 8 10.856658
324 16 9 26.419731
325 16 10 736.4087
326 16 11 106.57157
327 16 12 97.73356
328 16 13 3.3058686
329 16 14 0.045794792
330 16 15 0.49465325
331 16 17 50.89691
332 16 18 29.786171
333 16 19 579.8231
334 16 20 68.089645
335 16 21 63.363914
336 16 22 1318.5422
337 17 1 14.298222
338 17 2 3.0828195
339 17 3 18.19326
340 17 4 0.004480399
341 17 5 104.71628
342 17 6 14.591396
343 17 7 8.380357
344 17 8 4.9054713
345 17 9 7.7052665
346 17 10 15.64877
347 17 11 1.199833
348 17 12 10.904461
349 17 13 0.3933695
350 17 14 0.20428959
351 17 15 54.32593
352 17 16 5.8424706
353 17 18 6.036999
354 17 19 164.41724
355 17 20 35.11493
356 17 21 0.0035016304
357 17 22 49.310993
358 18 1 11.4650345
359 18 2 0.29406285
360 18 3 26.12183
361 18 4 37.647552
362 18 5 68.53223
363 18 6 6.8649907
364 18 7 1.9182476
365 18 8 0.16150913
366 18 9 0.120975465
367 18 10 20.113926
368 18 11 0.09249145
369 18 12 0.09055104
370 18 13 26.55087
371 18 14 2.8861432
372 18 15 9.461583
373 18 16 0.8074208
374 18 17 1.5436696
375 18 19 1638.5759
376 18 20 2.693408
377 18 21 0.4958334
378 18 22 119.64828
379 19 1 107.41145
380 19 2 57.685215
381 19 3 338.51007
382 19 4 150.12852
383 19 5 1037.3943
384 19 6 103.52793
385 19 7 82.418755
386 19 8 1.0374821
387 19 9 3.409117
388 19 10 76.04466
389 19 11 153.85469
390 19 12 25.85337
391 19 13 6.7769175
392 19 14 0.2083343
393 19 15 347.48526
394 19 16 86.566696
395 19 17 106.26126
396 19 18 1298.9501
397 19 20 36.094357
398 19 21 57.331562
399 19 22 343.5086
400 20 1 3549.3167
401 20 2 39.28956
402 20 3 65.70802
403 20 4 0.00815499
404 20 5 536.74854
405 20 6 0.5494522
406 20 7 0.060130425
407 20 8 0.67402864
408 20 9 3.943553
409 20 10 683.31934
410 20 11 0.01786672
411 20 12 0.32806373
412 20 13 6.5941005
413 20 14 0.3063347
414 20 15 28.608252
415 20 16 2.2588007
416 20 17 3.4959705
417 20 18 1.3598629
418 20 19 215.64536
419 20 21 5.650534
420 20 22 3.5784178
421 21 1 23.924212
422 21 2 2.911686
423 21 3 6.5590105
424 21 4 0.0
425 21 5 12.05329
426 21 6 0.517412
427 21 7 0.0
428 21 8 0.28864172
429 21 9 0.8740063
430 21 10 51.939415
431 21 11 0.13273251
432 21 12 0.13508283
433 21 13 0.051780522
434 21 14 1.193203
435 21 15 4.611442
436 21 16 1.3849028
437 21 17 0.0
438 21 18 0.8427392
439 21 19 17.742313
440 21 20 3.0360074
441 21 22 6.0465145
442 22 1 3.9980688
443 22 2 40.11285
444 22 3 276.6685
445 22 4 3.31709
446 22 5 350.3266
447 22 6 66.27717
448 22 7 231.50053
449 22 8 13.658568
450 22 9 6.281446
451 22 10 61.733704
452 22 11 0.1927864
453 22 12 8.654881
454 22 13 2.4657726
455 22 14 0.019583302
456 22 15 613.9734
457 22 16 28.947662
458 22 17 8.1605835
459 22 18 571.1246
460 22 19 1773.9816
461 22 20 8.813003
462 22 21 3.567653;
param M := 100000000;
end;