data;
param D := 462;
param E := 72;
param V := 22;
param: link_src link_dest link_capacity link_cost :=
1 1 3 10000 804
2 1 5 10000 598
3 1 10 10000 218
4 1 16 10000 6802
5 1 20 10000 277
6 2 7 10000 264
7 2 14 10000 186
8 2 15 10000 169
9 3 7 10000 410
10 3 13 10000 250
11 4 5 10000 411
12 4 17 10000 309
13 4 21 10000 290
14 5 7 10000 478
15 5 8 10000 1794
16 5 11 10000 1088
17 5 13 10000 518
18 5 15 10000 358
19 5 19 10000 1184
20 6 7 10000 1054
21 6 13 10000 1189
22 6 18 10000 503
23 7 14 10000 287
24 7 22 10000 343
25 8 13 10000 1453
26 9 10 10000 304
27 9 20 10000 115
28 10 21 10000 163
29 11 22 10000 463
30 12 13 10000 2658
31 12 15 10000 3296
32 15 22 10000 359
33 16 22 10000 5575
34 17 19 10000 777
35 18 22 10000 1588
36 19 22 10000 1426
37 3 1 10000 804
38 5 1 10000 598
39 10 1 10000 218
40 16 1 10000 6802
41 20 1 10000 277
42 7 2 10000 264
43 14 2 10000 186
44 15 2 10000 169
45 7 3 10000 410
46 13 3 10000 250
47 5 4 10000 411
48 17 4 10000 309
49 21 4 10000 290
50 7 5 10000 478
51 8 5 10000 1794
52 11 5 10000 1088
53 13 5 10000 518
54 15 5 10000 358
55 19 5 10000 1184
56 7 6 10000 1054
57 13 6 10000 1189
58 18 6 10000 503
59 14 7 10000 287
60 22 7 10000 343
61 13 8 10000 1453
62 10 9 10000 304
63 20 9 10000 115
64 21 10 10000 163
65 22 11 10000 463
66 13 12 10000 2658
67 15 12 10000 3296
68 22 15 10000 359
69 22 16 10000 5575
70 19 17 10000 777
71 22 18 10000 1588
72 22 19 10000 1426; 
param: w :=
1 1
2 1
3 1
4 1
5 1
6 1
7 1
8 1
9 1
10 1
11 1
12 1
13 1
14 1
15 1
16 1
17 1
18 1
19 1
20 1
21 1
22 1
23 1
24 1
25 1
26 1
27 1
28 1
29 1
30 1
31 1
32 1
33 1
34 1
35 1
36 1
37 1
38 1
39 1
40 1
41 1
42 1
43 1
44 1
45 1
46 1
47 1
48 1
49 1
50 1
51 1
52 1
53 1
54 1
55 1
56 1
57 1
58 1
59 1
60 1
61 1
62 1
63 1
64 1
65 1
66 1
67 1
68 1
69 1
70 1
71 1
72 1;
param: demand_src demand_dest demand :=
1 1 2 59.39808
2 1 3 418.22577
3 1 4 0.001584724
4 1 5 101.5147
5 1 6 0.04598762
6 1 7 0.0
7 1 8 446.88
8 1 9 1707.2289
9 1 10 4770.502
10 1 11 0.5319283
11 1 12 930.805
12 1 13 162.89264
13 1 14 0.30144802
14 1 15 14.340836
15 1 16 6.616692
16 1 17 0.022696469
17 1 18 0.3473355
18 1 19 2898.6191
19 1 20 4576.313
20 1 21 0.0
21 1 22 6.7140384
22 2 1 2.4327178
23 2 3 0.0
24 2 4 1.9942741
25 2 5 69.50885
26 2 6 14.814914
27 2 7 34.09845
28 2 8 0.5734693
29 2 9 1.1881225
30 2 10 11.253672
31 2 11 2.6871412
32 2 12 10.312498
33 2 13 0.25908858
34 2 14 0.49843255
35 2 15 42.157948
36 2 16 4.301809
37 2 17 1.0117656
38 2 18 0.6364409
39 2 19 584.22784
40 2 20 17.30931
41 2 21 0.90747786
42 2 22 22.100359
43 3 1 946.0549
44 3 2 18.171373
45 3 4 13.146916
46 3 5 554.1384
47 3 6 687.43365
48 3 7 540.6473
49 3 8 44.00877
50 3 9 11.083002
51 3 10 39.67553
52 3 11 6.485982
53 3 12 21.369368
54 3 13 144.01816
55 3 14 0.30540743
56 3 15 153.4456
57 3 16 13.733696
58 3 17 0.027349185
59 3 18 180.57803
60 3 19 2721.8284
61 3 20 4.748338
62 3 21 6.244256
63 3 22 736.96075
64 4 1 978.6809
65 4 2 8.152662
66 4 3 17.761522
67 4 5 97.20142
68 4 6 10.330559
69 4 7 30.116224
70 4 8 0.22851472
71 4 9 0.30262822
72 4 10 46.316807
73 4 11 1.5384765
74 4 12 0.0
75 4 13 1.1910597
76 4 14 0.9802792
77 4 15 83.02961
78 4 16 6.163965
79 4 17 1.4467338
80 4 18 0.56995696
81 4 19 35.17114
82 4 20 15.616195
83 4 21 0.0150948465
84 4 22 12.771286
85 5 1 998.5963
86 5 2 102.28279
87 5 3 494.13284
88 5 4 86.26255
89 5 6 53.00414
90 5 7 136.81021
91 5 8 496.97922
92 5 9 58.360603
93 5 10 217.54724
94 5 11 17.27801
95 5 12 401.47702
96 5 13 144.28963
97 5 14 0.4305374
98 5 15 628.6006
99 5 16 66.46243
100 5 17 0.0
101 5 18 29.862587
102 5 19 1992.2377
103 5 20 3239.5698
104 5 21 64.13492
105 5 22 359.84488
106 6 1 83.7245
107 6 2 3.8719594
108 6 3 201.23985
109 6 4 6.0591164
110 6 5 471.10123
111 6 7 55.98202
112 6 8 4.168339
113 6 9 4.907234
114 6 10 56.234848
115 6 11 0.9110426
116 6 12 1.6475025
117 6 13 22.713968
118 6 14 0.1283844
119 6 15 29.73031
120 6 16 9.255123
121 6 17 0.0019055384
122 6 18 32.51965
123 6 19 21.52315
124 6 20 9.534621
125 6 21 2.1157794
126 6 22 35.725903
127 7 1 51.10759
128 7 2 44.562065
129 7 3 172.25967
130 7 4 2.8761275
131 7 5 150.134
132 7 6 23.859314
133 7 8 4.3037663
134 7 9 0.6819711
135 7 10 9.0702715
136 7 11 1.4069614
137 7 12 1.3292432
138 7 13 5.3536544
139 7 14 0.4891424
140 7 15 508.69714
141 7 16 9.645621
142 7 17 1.6869079
143 7 18 7.40364
144 7 19 253.37251
145 7 20 4.553084
146 7 21 3.7655456
147 7 22 77.62209
148 8 1 223.10316
149 8 2 7.1865835
150 8 3 734.1447
151 8 4 8.173618
152 8 5 7785.0215
153 8 6 17.401443
154 8 7 0.0052800924
155 8 9 8.757557
156 8 10 959.53687
157 8 11 0.6795508
158 8 12 1.3152293
159 8 13 23.960476
160 8 14 0.2441175
161 8 15 58.11334
162 8 16 16.712858
163 8 17 0.03701059
164 8 18 1.803075
165 8 19 477.67664
166 8 20 18.288685
167 8 21 4.132468
168 8 22 128.69725
169 9 1 3766.8933
170 9 2 1.6904455
171 9 3 27.60889
172 9 4 0.019682575
173 9 5 313.202
174 9 6 1.6436392
175 9 7 0.047697566
176 9 8 1.6722208
177 9 10 985.73376
178 9 11 0.39026597
179 9 12 0.14420931
180 9 13 5.50958
181 9 14 0.7897617
182 9 15 7.0763407
183 9 16 6.450341
184 9 17 0.0
185 9 18 0.9443229
186 9 19 177.56639
187 9 20 21.611053
188 9 21 4.3990073
189 9 22 0.6361385
190 10 1 7358.7817
191 10 2 4.307581
192 10 3 149.12967
193 10 4 0.10202708
194 10 5 666.2779
195 10 6 1.2801131
196 10 7 0.08762117
197 10 8 0.33539048
198 10 9 1546.2227
199 10 11 2.267699
200 10 12 3.0138474
201 10 13 9.7472725
202 10 14 0.24985707
203 10 15 60.998592
204 10 16 10.163336
205 10 17 0.0
206 10 18 1.9782529
207 10 19 344.70798
208 10 20 50.90945
209 10 21 4.628323
210 10 22 30.821117
211 11 1 0.08225463
212 11 2 8.8453245
213 11 3 4.970471
214 11 4 2.5335543
215 11 5 39.21244
216 11 6 7.5204377
217 11 7 3.3421319
218 11 8 0.7358643
219 11 9 0.22751643
220 11 10 3.8767908
221 11 12 0.40278196
222 11 13 0.34539446
223 11 14 0.67787486
224 11 15 48.867043
225 11 16 5.749737
226 11 17 0.8849477
227 11 18 0.6226998
228 11 19 46.68479
229 11 20 1.5846872
230 11 21 0.34650275
231 11 22 1.960103
232 12 1 32.93259
233 12 2 1.0600053
234 12 3 35.332226
235 12 4 0.1789047
236 12 5 470.85956
237 12 6 1.9075186
238 12 7 1.2772115
239 12 8 0.22819988
240 12 9 0.03879993
241 12 10 34.755833
242 12 11 0.062905714
243 12 13 13.922128
244 12 14 0.0059941737
245 12 15 7.593497
246 12 16 4.8060975
247 12 17 0.0
248 12 18 0.030420534
249 12 19 26.246975
250 12 20 0.37217432
251 12 21 0.16613492
252 12 22 4.5626235
253 13 1 188.46661
254 13 2 13.073852
255 13 3 580.2219
256 13 4 45.503105
257 13 5 586.65454
258 13 6 78.245804
259 13 7 606.54395
260 13 8 9.020498
261 13 9 3.1169736
262 13 10 71.17078
263 13 11 13.331276
264 13 12 2.945687
265 13 14 0.14190654
266 13 15 469.6523
267 13 16 10.776729
268 13 17 0.0032221777
269 13 18 4.018921
270 13 19 37.753723
271 13 20 8.677143
272 13 21 1.9312922
273 13 22 40.835686
274 14 1 1.1907676
275 14 2 0.7312799
276 14 3 17.674381
277 14 4 0.10026337
278 14 5 375.9732
279 14 6 0.35473606
280 14 7 1.8502457
281 14 8 0.0963641
282 14 9 0.056810908
283 14 10 26.22132
284 14 11 0.045702286
285 14 12 0.061021417
286 14 13 0.38453865
287 14 15 0.6981579
288 14 16 0.042027313
289 14 17 0.22690363
290 14 18 0.05848066
291 14 19 10.781751
292 14 20 0.14634083
293 14 21 0.04023796
294 14 22 6.557451
295 15 1 28.966808
296 15 2 122.87327
297 15 3 121.86971
298 15 4 82.88651
299 15 5 339.82697
300 15 6 66.18289
301 15 7 59.438965
302 15 8 9.03572
303 15 9 18.12788
304 15 10 109.03336
305 15 11 3.399
306 15 12 1.5124521
307 15 13 8.923202
308 15 14 0.054640945
309 15 16 0.19043106
310 15 17 14.945597
311 15 18 33.12454
312 15 19 579.7932
313 15 20 121.86444
314 15 21 31.712053
315 15 22 109.10664
316 16 1 3841.634
317 16 2 257.49442
318 16 3 1772.4723
319 16 4 0.04080403
320 16 5 2938.7197
321 16 6 227.29945
322 16 7 1.8885487
323 16 8 16.622
324 16 9 66.44386
325 16 10 685.9067
326 16 11 69.08788
327 16 12 152.2788
328 16 13 5.1209416
329 16 14 0.04808987
330 16 15 6.931179
331 16 17 0.0
332 16 18 102.80627
333 16 19 613.3859
334 16 20 149.40411
335 16 21 27.710453
336 16 22 3363.991
337 17 1 17.807827
338 17 2 7.8920083
339 17 3 11.695574
340 17 4 0.004480399
341 17 5 109.99854
342 17 6 6.1469183
343 17 7 6.952543
344 17 8 2.0160682
345 17 9 13.05755
346 17 10 22.255322
347 17 11 1.8767046
348 17 12 1.1170219
349 17 13 5.867276
350 17 14 0.20428959
351 17 15 100.41249
352 17 16 15.6818075
353 17 18 3.1039715
354 17 19 172.43202
355 17 20 32.355663
356 17 21 0.0035016304
357 17 22 12.992995
358 18 1 9.855029
359 18 2 0.5054946
360 18 3 102.6799
361 18 4 2.7910619
362 18 5 56.037502
363 18 6 20.407959
364 18 7 3.987717
365 18 8 0.13948785
366 18 9 0.67593473
367 18 10 131.08247
368 18 11 0.111154504
369 18 12 0.027066952
370 18 13 43.536987
371 18 14 2.8861432
372 18 15 6.769999
373 18 16 1.9140936
374 18 17 0.39872998
375 18 19 1502.346
376 18 20 3.058504
377 18 21 0.45808217
378 18 22 50.852394
379 19 1 176.01602
380 19 2 125.34875
381 19 3 421.221
382 19 4 73.44018
383 19 5 1030.0232
384 19 6 65.57951
385 19 7 125.26537
386 19 8 2.2144914
387 19 9 20.315815
388 19 10 487.92697
389 19 11 145.38939
390 19 12 8.665096
391 19 13 5.8641624
392 19 14 0.21011393
393 19 15 381.69336
394 19 16 132.07367
395 19 17 27.60518
396 19 18 1031.8987
397 19 20 67.39002
398 19 21 27.897425
399 19 22 141.05736
400 20 1 4903.881
401 20 2 14.174335
402 20 3 616.8414
403 20 4 0.00815499
404 20 5 411.37585
405 20 6 1.2048302
406 20 7 0.060130425
407 20 8 0.7092253
408 20 9 8.683322
409 20 10 862.4553
410 20 11 0.06289447
411 20 12 0.30793035
412 20 13 8.595286
413 20 14 0.3023595
414 20 15 53.63579
415 20 16 10.099765
416 20 17 0.0084539885
417 20 18 3.2615058
418 20 19 286.97974
419 20 21 8.45125
420 20 22 5.37962
421 21 1 29.198284
422 21 2 0.33101663
423 21 3 1.6094922
424 21 4 0.0
425 21 5 38.50655
426 21 6 0.24246326
427 21 7 0.0
428 21 8 0.5109786
429 21 9 10.39237
430 21 10 40.390762
431 21 11 0.11239952
432 21 12 0.18555605
433 21 13 0.04076481
434 21 14 1.193203
435 21 15 6.6423903
436 21 16 3.695996
437 21 17 0.0
438 21 18 3.8460288
439 21 19 20.70731
440 21 20 12.832309
441 21 22 2.7575085
442 22 1 6.1113667
443 22 2 19.258743
444 22 3 468.44388
445 22 4 35.012466
446 22 5 357.22705
447 22 6 60.310966
448 22 7 173.53001
449 22 8 9.570464
450 22 9 6.3311777
451 22 10 25.384027
452 22 11 0.34499836
453 22 12 23.267065
454 22 13 3.372639
455 22 14 0.01657644
456 22 15 531.9143
457 22 16 52.599094
458 22 17 2.7215667
459 22 18 759.9715
460 22 19 2086.4243
461 22 20 26.046982
462 22 21 1.0170232;
param M := 100000000;
end;