data;
param D := 462;
param E := 72;
param V := 22;
param: link_src link_dest link_capacity link_cost :=
1 1 3 10000 804
2 1 5 10000 598
3 1 10 10000 218
4 1 16 10000 6802
5 1 20 10000 277
6 2 7 10000 264
7 2 14 10000 186
8 2 15 10000 169
9 3 7 10000 410
10 3 13 10000 250
11 4 5 10000 411
12 4 17 10000 309
13 4 21 10000 290
14 5 7 10000 478
15 5 8 10000 1794
16 5 11 10000 1088
17 5 13 10000 518
18 5 15 10000 358
19 5 19 10000 1184
20 6 7 10000 1054
21 6 13 10000 1189
22 6 18 10000 503
23 7 14 10000 287
24 7 22 10000 343
25 8 13 10000 1453
26 9 10 10000 304
27 9 20 10000 115
28 10 21 10000 163
29 11 22 10000 463
30 12 13 10000 2658
31 12 15 10000 3296
32 15 22 10000 359
33 16 22 10000 5575
34 17 19 10000 777
35 18 22 10000 1588
36 19 22 10000 1426
37 3 1 10000 804
38 5 1 10000 598
39 10 1 10000 218
40 16 1 10000 6802
41 20 1 10000 277
42 7 2 10000 264
43 14 2 10000 186
44 15 2 10000 169
45 7 3 10000 410
46 13 3 10000 250
47 5 4 10000 411
48 17 4 10000 309
49 21 4 10000 290
50 7 5 10000 478
51 8 5 10000 1794
52 11 5 10000 1088
53 13 5 10000 518
54 15 5 10000 358
55 19 5 10000 1184
56 7 6 10000 1054
57 13 6 10000 1189
58 18 6 10000 503
59 14 7 10000 287
60 22 7 10000 343
61 13 8 10000 1453
62 10 9 10000 304
63 20 9 10000 115
64 21 10 10000 163
65 22 11 10000 463
66 13 12 10000 2658
67 15 12 10000 3296
68 22 15 10000 359
69 22 16 10000 5575
70 19 17 10000 777
71 22 18 10000 1588
72 22 19 10000 1426; 
param: w :=
1 1
2 1
3 1
4 1
5 1
6 1
7 1
8 1
9 1
10 1
11 1
12 1
13 1
14 1
15 1
16 1
17 1
18 1
19 1
20 1
21 1
22 1
23 1
24 1
25 1
26 1
27 1
28 1
29 1
30 1
31 1
32 1
33 1
34 1
35 1
36 1
37 1
38 1
39 1
40 1
41 1
42 1
43 1
44 1
45 1
46 1
47 1
48 1
49 1
50 1
51 1
52 1
53 1
54 1
55 1
56 1
57 1
58 1
59 1
60 1
61 1
62 1
63 1
64 1
65 1
66 1
67 1
68 1
69 1
70 1
71 1
72 1;
param: demand_src demand_dest demand :=
1 1 2 39.079719
2 1 3 165.567683
3 1 4 0.0
4 1 5 195.90102100000001
5 1 6 0.297294
6 1 7 0.0
7 1 8 466.82124699999997
8 1 9 1361.264866
9 1 10 4130.044198
10 1 11 0.24224400000000001
11 1 12 1043.215079
12 1 13 119.96879200000001
13 1 14 0.0
14 1 15 20.683996999999998
15 1 16 4.226511
16 1 17 0.004498
17 1 18 0.153343
18 1 19 2158.223486
19 1 20 3763.4516439999998
20 1 21 0.0
21 1 22 22.829107
22 2 1 3.8253570000000003
23 2 3 221.117259
24 2 4 251.871377
25 2 5 80.09536800000001
26 2 6 8.122551
27 2 7 24.618948000000003
28 2 8 0.242469
29 2 9 0.005847999999999999
30 2 10 10.46492
31 2 11 3.500622
32 2 12 0.9737560000000001
33 2 13 4.487874
34 2 14 0.017938
35 2 15 584.692443
36 2 16 2.289962
37 2 17 0.855503
38 2 18 15.497281
39 2 19 809.101199
40 2 20 1.407525
41 2 21 0.045996999999999996
42 2 22 44.368776
43 3 1 3685.630043
44 3 2 71.09426099999999
45 3 4 8.076440999999999
46 3 5 532.595185
47 3 6 593.679886
48 3 7 432.206628
49 3 8 1.48996
50 3 9 9.258253
51 3 10 121.66911300000001
52 3 11 5.310256
53 3 12 3.7126129999999997
54 3 13 9.453713
55 3 14 0.0
56 3 15 438.008963
57 3 16 13.680506000000001
58 3 17 4.106851000000001
59 3 18 186.597109
60 3 19 7123.1769540000005
61 3 20 6.95204
62 3 21 3.3702769999999997
63 3 22 729.4502829999999
64 4 1 99.500329
65 4 2 5.160287
66 4 3 16.612685
67 4 5 111.616986
68 4 6 9.758206000000001
69 4 7 0.8485860000000001
70 4 8 0.350208
71 4 9 0.226163
72 4 10 7.247873
73 4 11 0.036213
74 4 12 0.020973999999999993
75 4 13 0.33451999999999993
76 4 14 0.0
77 4 15 86.981506
78 4 16 3.244938
79 4 17 0.0
80 4 18 41.227585
81 4 19 44.961623
82 4 20 3.823556999999999
83 4 21 0.0
84 4 22 2.78103
85 5 1 1376.483072
86 5 2 121.592976
87 5 3 303.118643
88 5 4 208.208528
89 5 6 276.22839999999997
90 5 7 74.505699
91 5 8 268.567565
92 5 9 21.301698000000002
93 5 10 254.43726600000002
94 5 11 83.617976
95 5 12 501.858612
96 5 13 109.90272
97 5 14 0.0
98 5 15 468.73012900000003
99 5 16 135.892587
100 5 17 42.340346000000004
101 5 18 113.92961
102 5 19 1469.212031
103 5 20 2053.1512000000002
104 5 21 35.673790999999994
105 5 22 475.80571
106 6 1 102.03529
107 6 2 6.196011
108 6 3 51.762906
109 6 4 3.483359
110 6 5 360.462334
111 6 7 13.43365
112 6 8 4.562436
113 6 9 6.512817999999999
114 6 10 11.767742
115 6 11 0.780546
116 6 12 1.342803
117 6 13 61.64931999999999
118 6 14 0.0
119 6 15 30.076473999999997
120 6 16 32.72761
121 6 17 0.714755
122 6 18 45.307894000000005
123 6 19 39.428128
124 6 20 6.319326
125 6 21 8.43216
126 6 22 187.16048899999998
127 7 1 13.504782
128 7 2 28.008794
129 7 3 57.424046000000004
130 7 4 1.227922
131 7 5 143.95109000000002
132 7 6 56.722617
133 7 8 11.54383
134 7 9 0.06955800000000001
135 7 10 3.995793
136 7 11 1.475171
137 7 12 0.8257559999999999
138 7 13 14.375861
139 7 14 0.0
140 7 15 420.88727300000005
141 7 16 9.722274
142 7 17 2.186103
143 7 18 1.3992589999999998
144 7 19 323.434775
145 7 20 0.566249
146 7 21 1.0983649999999998
147 7 22 35.330106
148 8 1 187.548317
149 8 2 4.666857
150 8 3 31.02116000000001
151 8 4 8.973161
152 8 5 6700.194335
153 8 6 10.12264
154 8 7 0.0
155 8 9 3.5409949999999997
156 8 10 48.984913000000006
157 8 11 0.821876
158 8 12 0.857976
159 8 13 13.996469000000001
160 8 14 0.0
161 8 15 29.170758
162 8 16 4.066646
163 8 17 3.1349489999999998
164 8 18 5.014929
165 8 19 420.052858
166 8 20 18.766286
167 8 21 4.343640000000001
168 8 22 654.5401120000001
169 9 1 2879.488521
170 9 2 0.00596
171 9 3 24.461502
172 9 4 0.0
173 9 5 278.789678
174 9 6 0.092444
175 9 7 0.0
176 9 8 2.863634
177 9 10 697.610509
178 9 11 0.0
179 9 12 0.013439
180 9 13 3.157554
181 9 14 0.0
182 9 15 6.905087
183 9 16 0.675618
184 9 17 1.75852
185 9 18 0.0072540000000000104
186 9 19 97.249111
187 9 20 5.901415
188 9 21 9.982624000000001
189 9 22 3.3540269999999994
190 10 1 5722.233281
191 10 2 1.9630330000000002
192 10 3 58.84411
193 10 4 0.0
194 10 5 545.443917
195 10 6 0.37978599999999996
196 10 7 0.0
197 10 8 0.8176589999999999
198 10 9 850.824519
199 10 11 0.383891
200 10 12 0.153286
201 10 13 10.140859
202 10 14 0.0
203 10 15 35.147804
204 10 16 9.38691
205 10 17 5.408661
206 10 18 0.5036080000000001
207 10 19 277.249785
208 10 20 14.501875
209 10 21 8.59703
210 10 22 20.281212
211 11 1 0.17949
212 11 2 2.0928149999999994
213 11 3 8.831852
214 11 4 0.185619
215 11 5 50.003767
216 11 6 17.608933999999998
217 11 7 40.09002600000001
218 11 8 0.531948
219 11 9 0.0
220 11 10 27.364834000000002
221 11 12 0.345204
222 11 13 11.761444000000001
223 11 14 0.0
224 11 15 10.094636999999999
225 11 16 4.4482870000000005
226 11 17 7.721565
227 11 18 0.32974
228 11 19 124.09599800000001
229 11 20 0.174429
230 11 21 1.0028290000000002
231 11 22 2.29328
232 12 1 21.019754
233 12 2 4.9801779999999995
234 12 3 10.355382
235 12 4 0.18635
236 12 5 470.317088
237 12 6 2.798405
238 12 7 0.399298
239 12 8 0.287679
240 12 9 0.004499
241 12 10 2.5983339999999995
242 12 11 0.11803
243 12 13 15.287538999999999
244 12 14 0.0
245 12 15 7.068944999999999
246 12 16 1.973717
247 12 17 0.003543
248 12 18 0.0
249 12 19 21.513521
250 12 20 0.10341
251 12 21 0.0051730000000000005
252 12 22 32.002002000000005
253 13 1 117.906509
254 13 2 70.41937300000001
255 13 3 433.65103999999997
256 13 4 19.056496
257 13 5 485.616098
258 13 6 51.237538
259 13 7 11.591007000000001
260 13 8 19.664749
261 13 9 0.845437
262 13 10 6.276028
263 13 11 12.919415000000003
264 13 12 2.036191
265 13 14 0.0
266 13 15 498.603384
267 13 16 16.68989
268 13 17 1.146218
269 13 18 4.973768
270 13 19 25.510776999999997
271 13 20 7.022948
272 13 21 1.651062
273 13 22 58.788441
274 14 1 1.698353
275 14 2 0.272553
276 14 3 3.734319
277 14 4 0.00641
278 14 5 271.346514
279 14 6 0.54235
280 14 7 0.30781000000000003
281 14 8 0.004499
282 14 9 0.0
283 14 10 1.0736799999999995
284 14 11 0.33519499999999997
285 14 12 0.003992
286 14 13 0.083728
287 14 15 0.8193459999999999
288 14 16 0.0
289 14 17 0.21531
290 14 18 0.14727
291 14 19 6.734594
292 14 20 0.181346
293 14 21 0.17341700000000002
294 14 22 19.508763000000002
295 15 1 15.010263
296 15 2 694.719603
297 15 3 99.625781
298 15 4 57.59482
299 15 5 400.527112
300 15 6 12.389828999999999
301 15 7 14.291177000000001
302 15 8 2.339502
303 15 9 35.047262
304 15 10 60.761427
305 15 11 2.450728
306 15 12 2.6664309999999998
307 15 13 6.555440999999999
308 15 14 0.0
309 15 16 0.023055
310 15 17 19.794138
311 15 18 1.8575999999999997
312 15 19 259.34305
313 15 20 29.470019999999998
314 15 21 1.337911
315 15 22 139.850425
316 16 1 1356.758942
317 16 2 504.943178
318 16 3 2082.971204
319 16 4 0.0
320 16 5 1712.543452
321 16 6 223.66762799999998
322 16 7 0.01759999999999995
323 16 8 18.393361
324 16 9 25.46939
325 16 10 566.0830980000001
326 16 11 166.48976299999998
327 16 12 74.10128399999999
328 16 13 4.529541
329 16 14 0.0
330 16 15 0.632827
331 16 17 57.135017000000005
332 16 18 39.766022
333 16 19 595.078246
334 16 20 63.099918
335 16 21 73.53070500000001
336 16 22 3100.291334
337 17 1 2.797506
338 17 2 1.515657
339 17 3 32.234124
340 17 4 0.0
341 17 5 95.042989
342 17 6 18.151735000000002
343 17 7 3.023331
344 17 8 8.016161
345 17 9 5.391847
346 17 10 24.718027999999997
347 17 11 0.6203989999999999
348 17 12 48.200149999999994
349 17 13 0.533635
350 17 14 0.0
351 17 15 58.123169000000004
352 17 16 7.819857000000001
353 17 18 3.779472
354 17 19 201.628963
355 17 20 22.140837
356 17 21 0.0
357 17 22 67.121184
358 18 1 9.464622
359 18 2 0.712281
360 18 3 12.971204
361 18 4 20.756254
362 18 5 57.071476000000004
363 18 6 5.5729679999999995
364 18 7 0.554946
365 18 8 0.0043300000000000005
366 18 9 0.030814999999999995
367 18 10 4.103701999999998
368 18 11 0.12359700000000001
369 18 12 0.253266
370 18 13 36.518159999999995
371 18 14 0.0
372 18 15 16.11127
373 18 16 0.506082
374 18 17 4.675237
375 18 19 1839.094395
376 18 20 3.9835350000000007
377 18 21 0.336657
378 18 22 151.98535800000002
379 19 1 83.875009
380 19 2 50.422184
381 19 3 311.001591
382 19 4 184.63143200000002
383 19 5 963.8238389999999
384 19 6 28.573244
385 19 7 84.791635
386 19 8 1.16185
387 19 9 4.610514
388 19 10 58.44357500000001
389 19 11 113.593009
390 19 12 18.234901
391 19 13 14.568902000000001
392 19 14 0.0
393 19 15 347.542075
394 19 16 52.776476
395 19 17 79.544527
396 19 18 1395.818811
397 19 20 73.105878
398 19 21 85.80616
399 19 22 369.58512499999995
400 20 1 3690.076137
401 20 2 38.070593
402 20 3 71.88706599999998
403 20 4 0.0
404 20 5 781.1609510000001
405 20 6 0.396149
406 20 7 0.0
407 20 8 0.684728
408 20 9 2.114858
409 20 10 661.32672
410 20 11 0.0067480000000000005
411 20 12 1.5968
412 20 13 5.626219
413 20 14 0.0
414 20 15 46.239984
415 20 16 1.219881
416 20 17 4.244055
417 20 18 4.289096
418 20 19 334.388906
419 20 21 5.938134
420 20 22 6.280358
421 21 1 11.674961
422 21 2 1.392624
423 21 3 6.890692
424 21 4 0.0
425 21 5 9.533111
426 21 6 1.027233
427 21 7 0.0
428 21 8 0.32496
429 21 9 0.9860709999999998
430 21 10 25.903608
431 21 11 5.816224999999999
432 21 12 0.161946
433 21 13 0.0
434 21 14 0.0
435 21 15 2.573368
436 21 16 0.618376
437 21 17 0.0
438 21 18 2.032254
439 21 19 20.020749
440 21 20 3.5394769999999998
441 21 22 3.830305
442 22 1 3.315395
443 22 2 37.438779
444 22 3 409.49358099999995
445 22 4 4.482982
446 22 5 402.513594
447 22 6 110.526999
448 22 7 307.184556
449 22 8 22.593723999999995
450 22 9 8.486985
451 22 10 9.550093
452 22 11 0.13085
453 22 12 68.608445
454 22 13 3.9335459999999998
455 22 14 0.155142
456 22 15 321.174615
457 22 16 21.880542
458 22 17 17.94874
459 22 18 654.7267999999999
460 22 19 1684.377379
461 22 20 14.812328
462 22 21 2.484747;
param M := 100000000;
end;