data;
param D := 462;
param E := 72;
param V := 22;
param: link_src link_dest link_capacity link_cost :=
1 1 3 10000 804
2 1 5 10000 598
3 1 10 10000 218
4 1 16 10000 6802
5 1 20 10000 277
6 2 7 10000 264
7 2 14 10000 186
8 2 15 10000 169
9 3 7 10000 410
10 3 13 10000 250
11 4 5 10000 411
12 4 17 10000 309
13 4 21 10000 290
14 5 7 10000 478
15 5 8 10000 1794
16 5 11 10000 1088
17 5 13 10000 518
18 5 15 10000 358
19 5 19 10000 1184
20 6 7 10000 1054
21 6 13 10000 1189
22 6 18 10000 503
23 7 14 10000 287
24 7 22 10000 343
25 8 13 10000 1453
26 9 10 10000 304
27 9 20 10000 115
28 10 21 10000 163
29 11 22 10000 463
30 12 13 10000 2658
31 12 15 10000 3296
32 15 22 10000 359
33 16 22 10000 5575
34 17 19 10000 777
35 18 22 10000 1588
36 19 22 10000 1426
37 3 1 10000 804
38 5 1 10000 598
39 10 1 10000 218
40 16 1 10000 6802
41 20 1 10000 277
42 7 2 10000 264
43 14 2 10000 186
44 15 2 10000 169
45 7 3 10000 410
46 13 3 10000 250
47 5 4 10000 411
48 17 4 10000 309
49 21 4 10000 290
50 7 5 10000 478
51 8 5 10000 1794
52 11 5 10000 1088
53 13 5 10000 518
54 15 5 10000 358
55 19 5 10000 1184
56 7 6 10000 1054
57 13 6 10000 1189
58 18 6 10000 503
59 14 7 10000 287
60 22 7 10000 343
61 13 8 10000 1453
62 10 9 10000 304
63 20 9 10000 115
64 21 10 10000 163
65 22 11 10000 463
66 13 12 10000 2658
67 15 12 10000 3296
68 22 15 10000 359
69 22 16 10000 5575
70 19 17 10000 777
71 22 18 10000 1588
72 22 19 10000 1426; 
param: w :=
1 1
2 1
3 1
4 1
5 1
6 1
7 1
8 1
9 1
10 1
11 1
12 1
13 1
14 1
15 1
16 1
17 1
18 1
19 1
20 1
21 1
22 1
23 1
24 1
25 1
26 1
27 1
28 1
29 1
30 1
31 1
32 1
33 1
34 1
35 1
36 1
37 1
38 1
39 1
40 1
41 1
42 1
43 1
44 1
45 1
46 1
47 1
48 1
49 1
50 1
51 1
52 1
53 1
54 1
55 1
56 1
57 1
58 1
59 1
60 1
61 1
62 1
63 1
64 1
65 1
66 1
67 1
68 1
69 1
70 1
71 1
72 1;
param: demand_src demand_dest demand :=
1 1 2 35.56723
2 1 3 88.47784
3 1 4 0.001584724
4 1 5 59.3095
5 1 6 0.07387544
6 1 7 0.0
7 1 8 176.86908
8 1 9 1031.4663
9 1 10 2340.6116
10 1 11 0.2982748
11 1 12 690.20087
12 1 13 35.02874
13 1 14 0.30144802
14 1 15 17.68995
15 1 16 5.018325
16 1 17 0.021860056
17 1 18 0.40290827
18 1 19 1085.1862
19 1 20 3192.3914
20 1 21 0.0
21 1 22 8.136539
22 2 1 15.529103
23 2 3 98.69282
24 2 4 0.64877707
25 2 5 9.314643
26 2 6 5.757015
27 2 7 15.978383
28 2 8 0.08242427
29 2 9 0.115853444
30 2 10 10.241081
31 2 11 0.93200004
32 2 12 0.80173874
33 2 13 0.05463634
34 2 14 0.49878168
35 2 15 29.865263
36 2 16 1.7976701
37 2 17 0.7862347
38 2 18 1.9550688
39 2 19 370.02432
40 2 20 1.7741095
41 2 21 0.60673296
42 2 22 9.024737
43 3 1 704.7819
44 3 2 41.26733
45 3 4 4.149131
46 3 5 376.03592
47 3 6 807.32745
48 3 7 51.81345
49 3 8 2.9954467
50 3 9 2.4944575
51 3 10 10.95459
52 3 11 3.3430858
53 3 12 57.201008
54 3 13 1.632402
55 3 14 0.30540743
56 3 15 207.11508
57 3 16 2.6179018
58 3 17 0.20644481
59 3 18 180.12268
60 3 19 2626.8215
61 3 20 6.5825553
62 3 21 6.00437
63 3 22 181.02469
64 4 1 188.085
65 4 2 4.5642347
66 4 3 1.7295494
67 4 5 160.63838
68 4 6 0.35069236
69 4 7 2.9131432
70 4 8 0.20962334
71 4 9 0.6212307
72 4 10 19.926264
73 4 11 0.33167186
74 4 12 0.0
75 4 13 0.04343598
76 4 14 0.9775558
77 4 15 46.93156
78 4 16 3.7657917
79 4 17 1.4109427
80 4 18 0.8866269
81 4 19 21.559803
82 4 20 51.758102
83 4 21 0.0150948465
84 4 22 11.640676
85 5 1 562.22845
86 5 2 85.471664
87 5 3 69.832695
88 5 4 93.01934
89 5 6 171.6191
90 5 7 18.486092
91 5 8 117.31421
92 5 9 15.892081
93 5 10 174.01308
94 5 11 15.064762
95 5 12 255.75589
96 5 13 52.95991
97 5 14 0.03573502
98 5 15 620.64984
99 5 16 46.22452
100 5 17 46.24929
101 5 18 46.65339
102 5 19 793.0259
103 5 20 2075.4624
104 5 21 4.7635098
105 5 22 422.3708
106 6 1 53.851204
107 6 2 4.101023
108 6 3 127.25595
109 6 4 1.4246702
110 6 5 344.93277
111 6 7 9.350861
112 6 8 8.921583
113 6 9 1.1183453
114 6 10 36.823933
115 6 11 0.0
116 6 12 2.666726
117 6 13 9.025609
118 6 14 0.11607934
119 6 15 19.575079
120 6 16 3.5608857
121 6 17 1.0045633
122 6 18 7.9074416
123 6 19 7.922068
124 6 20 4.8168216
125 6 21 4.141592
126 6 22 25.33052
127 7 1 3.2067869
128 7 2 4.472067
129 7 3 15.058914
130 7 4 0.62937987
131 7 5 63.266678
132 7 6 13.0825
133 7 8 5.745931
134 7 9 0.59546226
135 7 10 1.9425803
136 7 11 0.30201072
137 7 12 10.892703
138 7 13 1.1025492
139 7 14 0.4891424
140 7 15 135.65463
141 7 16 4.7134466
142 7 17 1.6166676
143 7 18 0.048937622
144 7 19 75.12532
145 7 20 0.42134604
146 7 21 0.37864673
147 7 22 43.592674
148 8 1 164.492
149 8 2 4.407381
150 8 3 524.11163
151 8 4 2.6689286
152 8 5 5350.467
153 8 6 4.493996
154 8 7 0.0052800924
155 8 9 1.6932707
156 8 10 559.3838
157 8 11 0.9929474
158 8 12 2.2643557
159 8 13 9.160494
160 8 14 0.2441175
161 8 15 26.140028
162 8 16 13.87421
163 8 17 0.89597654
164 8 18 0.27887645
165 8 19 370.68192
166 8 20 9.342977
167 8 21 3.5539706
168 8 22 33.638557
169 9 1 2165.2417
170 9 2 0.089404345
171 9 3 34.803745
172 9 4 0.019682575
173 9 5 228.4798
174 9 6 0.04830016
175 9 7 0.047697566
176 9 8 0.08725102
177 9 10 590.918
178 9 11 0.2200711
179 9 12 0.0
180 9 13 3.6322608
181 9 14 0.7897617
182 9 15 2.194525
183 9 16 1.1710281
184 9 17 0.03068981
185 9 18 0.29097944
186 9 19 102.08489
187 9 20 4.5932455
188 9 21 1.172179
189 9 22 0.7547086
190 10 1 4587.679
191 10 2 2.126731
192 10 3 48.88765
193 10 4 0.10202708
194 10 5 465.1054
195 10 6 0.17468606
196 10 7 0.08762117
197 10 8 0.38092726
198 10 9 792.8738
199 10 11 0.51022846
200 10 12 1.2055247
201 10 13 4.2033124
202 10 14 0.24958777
203 10 15 52.143024
204 10 16 9.520608
205 10 17 0.39033243
206 10 18 3.0257535
207 10 19 337.44052
208 10 20 12.610764
209 10 21 3.076565
210 10 22 18.3694
211 11 1 0.018342504
212 11 2 4.008029
213 11 3 2.3109353
214 11 4 1.9292481
215 11 5 15.7674675
216 11 6 2.6865506
217 11 7 6.092091
218 11 8 0.40500215
219 11 9 0.317278
220 11 10 1.9588042
221 11 12 0.6307296
222 11 13 0.006833988
223 11 14 0.67787486
224 11 15 6.1088533
225 11 16 1.5194818
226 11 17 1.5504373
227 11 18 0.28414372
228 11 19 60.665573
229 11 20 1.5348665
230 11 21 0.4802875
231 11 22 2.3660874
232 12 1 38.214092
233 12 2 0.5107912
234 12 3 23.991272
235 12 4 0.061361484
236 12 5 356.98056
237 12 6 1.4669822
238 12 7 2.2323368
239 12 8 0.17557903
240 12 9 0.0040309643
241 12 10 25.181091
242 12 11 0.033385552
243 12 13 10.265869
244 12 14 0.0059941737
245 12 15 5.1680617
246 12 16 1.6753571
247 12 17 0.19761465
248 12 18 0.029391846
249 12 19 12.485323
250 12 20 0.2034627
251 12 21 0.053652816
252 12 22 1.142464
253 13 1 67.144295
254 13 2 20.789639
255 13 3 244.9787
256 13 4 1.9352125
257 13 5 505.5892
258 13 6 8.400856
259 13 7 22.031096
260 13 8 7.506916
261 13 9 0.17509907
262 13 10 21.22343
263 13 11 0.83624154
264 13 12 2.3839886
265 13 14 0.14190654
266 13 15 149.81396
267 13 16 4.1297984
268 13 17 1.2909024
269 13 18 5.2687173
270 13 19 325.34634
271 13 20 2.8031933
272 13 21 0.37662494
273 13 22 45.670628
274 14 1 0.43071866
275 14 2 0.057010006
276 14 3 22.680265
277 14 4 0.015193829
278 14 5 272.42615
279 14 6 0.08315212
280 14 7 0.21099429
281 14 8 0.008162295
282 14 9 0.004457538
283 14 10 14.642727
284 14 11 0.011888291
285 14 12 0.03875705
286 14 13 0.23456803
287 14 15 0.49430612
288 14 16 0.0
289 14 17 0.15868294
290 14 18 0.044358976
291 14 19 3.0577033
292 14 20 0.030136837
293 14 21 0.012531181
294 14 22 3.5201156
295 15 1 41.570454
296 15 2 167.61281
297 15 3 438.6187
298 15 4 12.258013
299 15 5 155.68169
300 15 6 5.446683
301 15 7 2.4931588
302 15 8 5.022509
303 15 9 0.6297878
304 15 10 46.654297
305 15 11 1.4915063
306 15 12 1.8871539
307 15 13 3.8628664
308 15 14 0.054640945
309 15 16 0.029434968
310 15 17 15.893211
311 15 18 19.5295
312 15 19 293.17337
313 15 20 31.630585
314 15 21 5.282829
315 15 22 74.272285
316 16 1 1306.1072
317 16 2 72.26974
318 16 3 1278.5308
319 16 4 0.04080403
320 16 5 782.8053
321 16 6 75.16017
322 16 7 0.4252852
323 16 8 6.525343
324 16 9 23.147926
325 16 10 482.93463
326 16 11 0.0
327 16 12 65.467834
328 16 13 0.29820806
329 16 14 0.046160467
330 16 15 0.37633777
331 16 17 19.686365
332 16 18 9.277126
333 16 19 181.91815
334 16 20 45.405144
335 16 21 27.013117
336 16 22 2954.77
337 17 1 25.723244
338 17 2 0.99286884
339 17 3 4.4358854
340 17 4 0.004480399
341 17 5 48.736847
342 17 6 2.5609553
343 17 7 2.1595638
344 17 8 3.0644598
345 17 9 1.810442
346 17 10 9.262832
347 17 11 0.08944992
348 17 12 0.62725514
349 17 13 0.09044634
350 17 14 0.20428959
351 17 15 79.408966
352 17 16 2.868419
353 17 18 1.5112846
354 17 19 109.77954
355 17 20 50.85893
356 17 21 0.0035016304
357 17 22 46.27711
358 18 1 8.116578
359 18 2 0.29146695
360 18 3 141.4865
361 18 4 35.054752
362 18 5 34.73592
363 18 6 1.8808497
364 18 7 0.41392204
365 18 8 0.5891459
366 18 9 0.09647282
367 18 10 105.75412
368 18 11 0.02556116
369 18 12 0.057744868
370 18 13 13.180948
371 18 14 2.8861432
372 18 15 1.9185972
373 18 16 0.6754523
374 18 17 0.6135903
375 18 19 1235.199
376 18 20 0.9767798
377 18 21 0.037098546
378 18 22 29.96947
379 19 1 67.550125
380 19 2 66.044754
381 19 3 398.44394
382 19 4 77.87283
383 19 5 684.50104
384 19 6 17.147924
385 19 7 13.736775
386 19 8 0.7088625
387 19 9 30.724752
388 19 10 429.09695
389 19 11 61.585716
390 19 12 18.328072
391 19 13 2.2382345
392 19 14 0.20997949
393 19 15 483.00494
394 19 16 42.51447
395 19 17 37.88747
396 19 18 473.74716
397 19 20 30.377216
398 19 21 5.148841
399 19 22 82.43866
400 20 1 3883.4915
401 20 2 5.160007
402 20 3 393.41183
403 20 4 0.00815499
404 20 5 323.0124
405 20 6 0.5391375
406 20 7 0.060130425
407 20 8 0.0861128
408 20 9 26.584728
409 20 10 772.63293
410 20 11 0.27626058
411 20 12 0.29777652
412 20 13 5.5689754
413 20 14 0.3023595
414 20 15 20.070549
415 20 16 6.3585076
416 20 17 0.59912574
417 20 18 7.4714365
418 20 19 183.17415
419 20 21 2.1786113
420 20 22 5.392827
421 21 1 25.619389
422 21 2 0.38824043
423 21 3 0.97957754
424 21 4 0.0
425 21 5 11.321086
426 21 6 0.060171086
427 21 7 0.0
428 21 8 0.25078407
429 21 9 0.4968447
430 21 10 18.375134
431 21 11 0.012766039
432 21 12 0.19588844
433 21 13 0.016243637
434 21 14 1.193203
435 21 15 6.1978135
436 21 16 12.635324
437 21 17 0.0
438 21 18 0.04722942
439 21 19 3.236142
440 21 20 4.8539095
441 21 22 3.0404842
442 22 1 1.7723097
443 22 2 27.43228
444 22 3 462.98773
445 22 4 7.9193845
446 22 5 343.6155
447 22 6 17.148174
448 22 7 52.731396
449 22 8 20.06619
450 22 9 1.5236704
451 22 10 6.5651445
452 22 11 0.06444252
453 22 12 6.5169907
454 22 13 0.7917922
455 22 14 0.0
456 22 15 676.0416
457 22 16 12.927863
458 22 17 5.133176
459 22 18 281.5384
460 22 19 1146.893
461 22 20 13.278047
462 22 21 3.4884791;
param M := 100000000;
end;