data;
param D := 462;
param E := 72;
param V := 22;
param: link_src link_dest link_capacity link_cost :=
1 1 3 10000 804
2 1 5 10000 598
3 1 10 10000 218
4 1 16 10000 6802
5 1 20 10000 277
6 2 7 10000 264
7 2 14 10000 186
8 2 15 10000 169
9 3 7 10000 410
10 3 13 10000 250
11 4 5 10000 411
12 4 17 10000 309
13 4 21 10000 290
14 5 7 10000 478
15 5 8 10000 1794
16 5 11 10000 1088
17 5 13 10000 518
18 5 15 10000 358
19 5 19 10000 1184
20 6 7 10000 1054
21 6 13 10000 1189
22 6 18 10000 503
23 7 14 10000 287
24 7 22 10000 343
25 8 13 10000 1453
26 9 10 10000 304
27 9 20 10000 115
28 10 21 10000 163
29 11 22 10000 463
30 12 13 10000 2658
31 12 15 10000 3296
32 15 22 10000 359
33 16 22 10000 5575
34 17 19 10000 777
35 18 22 10000 1588
36 19 22 10000 1426
37 3 1 10000 804
38 5 1 10000 598
39 10 1 10000 218
40 16 1 10000 6802
41 20 1 10000 277
42 7 2 10000 264
43 14 2 10000 186
44 15 2 10000 169
45 7 3 10000 410
46 13 3 10000 250
47 5 4 10000 411
48 17 4 10000 309
49 21 4 10000 290
50 7 5 10000 478
51 8 5 10000 1794
52 11 5 10000 1088
53 13 5 10000 518
54 15 5 10000 358
55 19 5 10000 1184
56 7 6 10000 1054
57 13 6 10000 1189
58 18 6 10000 503
59 14 7 10000 287
60 22 7 10000 343
61 13 8 10000 1453
62 10 9 10000 304
63 20 9 10000 115
64 21 10 10000 163
65 22 11 10000 463
66 13 12 10000 2658
67 15 12 10000 3296
68 22 15 10000 359
69 22 16 10000 5575
70 19 17 10000 777
71 22 18 10000 1588
72 22 19 10000 1426; 
param: w :=
1 1
2 1
3 1
4 1
5 1
6 1
7 1
8 1
9 1
10 1
11 1
12 1
13 1
14 1
15 1
16 1
17 1
18 1
19 1
20 1
21 1
22 1
23 1
24 1
25 1
26 1
27 1
28 1
29 1
30 1
31 1
32 1
33 1
34 1
35 1
36 1
37 1
38 1
39 1
40 1
41 1
42 1
43 1
44 1
45 1
46 1
47 1
48 1
49 1
50 1
51 1
52 1
53 1
54 1
55 1
56 1
57 1
58 1
59 1
60 1
61 1
62 1
63 1
64 1
65 1
66 1
67 1
68 1
69 1
70 1
71 1
72 1;
param: demand_src demand_dest demand :=
1 1 2 83.602175
2 1 3 478.660853
3 1 4 0.0
4 1 5 70.586942
5 1 6 0.399298
6 1 7 0.0
7 1 8 418.602091
8 1 9 1614.8082239999999
9 1 10 4753.242238000001
10 1 11 0.338231
11 1 12 904.0651270000001
12 1 13 119.723904
13 1 14 0.0
14 1 15 22.035403000000002
15 1 16 6.161991
16 1 17 0.0
17 1 18 1.905565
18 1 19 2981.5444479999996
19 1 20 4609.895297
20 1 21 0.0
21 1 22 6.726046999999999
22 2 1 11.599499
23 2 3 5.000534
24 2 4 2.53648
25 2 5 38.871944
26 2 6 13.063199000000001
27 2 7 54.573289
28 2 8 0.433375
29 2 9 1.144418
30 2 10 3.4372490000000004
31 2 11 2.165972
32 2 12 1.1378400000000002
33 2 13 0.022774
34 2 14 0.0
35 2 15 32.447804
36 2 16 4.199238
37 2 17 0.25551500000000005
38 2 18 0.565462
39 2 19 568.436995
40 2 20 1.9589849999999998
41 2 21 2.957203
42 2 22 69.788121
43 3 1 642.489415
44 3 2 20.696481
45 3 4 13.192136999999999
46 3 5 321.536295
47 3 6 272.307394
48 3 7 271.945658
49 3 8 30.900599999999997
50 3 9 18.823192
51 3 10 68.057491
52 3 11 1.610239
53 3 12 2.108785
54 3 13 158.210383
55 3 14 0.0
56 3 15 124.902635
57 3 16 15.653210999999999
58 3 17 0.0
59 3 18 174.86012499999998
60 3 19 546.270798
61 3 20 8.091624
62 3 21 4.083796
63 3 22 816.543801
64 4 1 76.391696
65 4 2 12.559254
66 4 3 11.773028
67 4 5 136.873204
68 4 6 23.614658
69 4 7 60.971956999999996
70 4 8 0.23864600000000002
71 4 9 0.195403
72 4 10 72.84024099999999
73 4 11 0.135854
74 4 12 0.027610000000000003
75 4 13 0.5052940000000001
76 4 14 0.0
77 4 15 43.091146
78 4 16 2.0484489999999997
79 4 17 0.084347
80 4 18 1.5964619999999998
81 4 19 89.744485
82 4 20 11.100615
83 4 21 0.0
84 4 22 10.723753
85 5 1 945.2379430000001
86 5 2 97.98641500000001
87 5 3 549.173963
88 5 4 92.04192599999999
89 5 6 45.070092
90 5 7 180.92022500000004
91 5 8 364.93918499999995
92 5 9 23.505851
93 5 10 140.116173
94 5 11 4.451661
95 5 12 374.138453
96 5 13 115.71765199999999
97 5 14 0.64756
98 5 15 446.997475
99 5 16 77.93777399999999
100 5 17 0.0
101 5 18 9.775242999999996
102 5 19 2095.929587
103 5 20 3512.895966
104 5 21 160.09356900000003
105 5 22 359.621395
106 6 1 84.809797
107 6 2 3.472674
108 6 3 284.354212
109 6 4 3.255903
110 6 5 454.071425
111 6 7 69.991397
112 6 8 2.0026200000000003
113 6 9 4.822787
114 6 10 54.669726
115 6 11 0.95222
116 6 12 41.346796
117 6 13 33.856565
118 6 14 0.0
119 6 15 31.579310999999997
120 6 16 9.76709
121 6 17 0.0
122 6 18 76.06066200000001
123 6 19 23.337775
124 6 20 3.5272750000000004
125 6 21 2.490315
126 6 22 24.950882
127 7 1 55.07116099999999
128 7 2 80.81389100000001
129 7 3 205.615142
130 7 4 2.357383
131 7 5 120.915445
132 7 6 32.966198999999996
133 7 8 2.994765
134 7 9 0.6533509999999999
135 7 10 12.653777999999999
136 7 11 1.2032370000000001
137 7 12 2.5034159999999996
138 7 13 11.540343
139 7 14 0.0
140 7 15 553.797691
141 7 16 7.635025000000001
142 7 17 2.565046
143 7 18 55.030393
144 7 19 261.72562500000004
145 7 20 2.606319
146 7 21 0.7881370000000001
147 7 22 35.758194
148 8 1 234.21723300000002
149 8 2 7.034813
150 8 3 760.5659680000001
151 8 4 8.667318999999999
152 8 5 8330.762158
153 8 6 27.767169000000003
154 8 7 0.0
155 8 9 9.613579000000001
156 8 10 986.618757
157 8 11 0.831772
158 8 12 0.293696
159 8 13 27.697273000000003
160 8 14 0.0
161 8 15 43.889179999999996
162 8 16 12.791208000000001
163 8 17 0.0
164 8 18 0.9935510000000002
165 8 19 532.1061420000001
166 8 20 27.678266999999998
167 8 21 5.125593
168 8 22 172.21269999999998
169 9 1 3713.989215
170 9 2 8.609794
171 9 3 30.37287
172 9 4 0.0
173 9 5 307.29443200000003
174 9 6 3.024905
175 9 7 0.0
176 9 8 0.9339459999999999
177 9 10 1067.2981439999999
178 9 11 0.101554
179 9 12 0.004499
180 9 13 4.319743
181 9 14 0.0
182 9 15 6.003869
183 9 16 1.247884
184 9 17 0.0
185 9 18 1.170454
186 9 19 182.014598
187 9 20 31.729560999999997
188 9 21 2.101363
189 9 22 0.887105
190 10 1 7148.556431
191 10 2 23.28593
192 10 3 238.16359999999997
193 10 4 0.0
194 10 5 768.3995460000001
195 10 6 3.111895
196 10 7 0.0
197 10 8 0.699686
198 10 9 1552.8108320000001
199 10 11 0.18865600000000002
200 10 12 3.238865
201 10 13 6.369035
202 10 14 0.0
203 10 15 72.276579
204 10 16 8.502786
205 10 17 0.0
206 10 18 1.543999
207 10 19 317.396099
208 10 20 299.582764
209 10 21 83.13714200000003
210 10 22 14.440021000000002
211 11 1 0.0
212 11 2 12.103330999999999
213 11 3 1.996829
214 11 4 3.286718
215 11 5 80.86613
216 11 6 8.252951
217 11 7 20.101441
218 11 8 0.524132
219 11 9 0.793873
220 11 10 2.515674
221 11 12 0.20175700000000002
222 11 13 1.1010090000000001
223 11 14 0.0
224 11 15 10.745964
225 11 16 3.097724
226 11 17 1.012388
227 11 18 0.023448999999999998
228 11 19 37.318331
229 11 20 4.385139000000001
230 11 21 2.3676739999999996
231 11 22 3.02305
232 12 1 35.623577
233 12 2 0.15503
234 12 3 34.385927
235 12 4 0.85061
236 12 5 540.039755
237 12 6 2.186665
238 12 7 4.296631
239 12 8 1.3686689999999997
240 12 9 0.013495
241 12 10 34.218188
242 12 11 0.09525600000000001
243 12 13 17.010015000000003
244 12 14 0.0
245 12 15 5.706855
246 12 16 2.651585
247 12 17 0.0
248 12 18 0.0
249 12 19 22.493013
250 12 20 0.20327599999999998
251 12 21 0.022942
252 12 22 3.872535
253 13 1 139.677233
254 13 2 8.698809
255 13 3 448.747561
256 13 4 1.7251189999999998
257 13 5 406.752757
258 13 6 100.591441
259 13 7 422.30222100000003
260 13 8 2.591531
261 13 9 5.216125
262 13 10 124.697335
263 13 11 24.282854
264 13 12 1.999359
265 13 14 0.0
266 13 15 340.436467
267 13 16 12.469002
268 13 17 0.0
269 13 18 2.612786
270 13 19 177.888403
271 13 20 5.955679
272 13 21 0.6705019999999999
273 13 22 57.737366
274 14 1 0.6705019999999999
275 14 2 0.7497309999999999
276 14 3 20.699460000000002
277 14 4 0.124721
278 14 5 384.609108
279 14 6 0.246462
280 14 7 1.833139
281 14 8 0.08828300000000001
282 14 9 0.08260300000000001
283 14 10 20.839419999999997
284 14 11 0.199677
285 14 12 0.006297999999999999
286 14 13 0.042117
287 14 15 0.6332760000000001
288 14 16 0.011526999999999996
289 14 17 0.077768
290 14 18 0.008997
291 14 19 13.135568
292 14 20 0.317032
293 14 21 0.072538
294 14 22 7.145644000000001
295 15 1 32.078027
296 15 2 236.906268
297 15 3 127.411113
298 15 4 57.89009
299 15 5 339.200953
300 15 6 105.59996000000001
301 15 7 28.522074000000003
302 15 8 7.469874
303 15 9 17.708857000000002
304 15 10 118.613225
305 15 11 24.502944
306 15 12 1.123894
307 15 13 9.175818
308 15 14 0.0
309 15 16 0.010346999999999999
310 15 17 13.517603000000001
311 15 18 39.15833
312 15 19 596.551505
313 15 20 300.216265
314 15 21 5.559361
315 15 22 160.90858500000002
316 16 1 3980.098967
317 16 2 276.364368
318 16 3 2172.157256
319 16 4 0.0
320 16 5 4544.765037
321 16 6 152.284339
322 16 7 0.77796
323 16 8 36.397487999999996
324 16 9 55.164561
325 16 10 629.5182669999999
326 16 11 81.463757
327 16 12 174.79872
328 16 13 2.402144
329 16 14 0.0
330 16 15 6.3110599999999994
331 16 17 1.7763568394002505e-15
332 16 18 52.092309
333 16 19 556.496117
334 16 20 120.369609
335 16 21 22.148596
336 16 22 2492.80594
337 17 1 13.010847
338 17 2 7.628728000000001
339 17 3 19.365712000000002
340 17 4 0.0
341 17 5 76.84222
342 17 6 8.572626
343 17 7 9.025962
344 17 8 3.516816
345 17 9 16.738754999999998
346 17 10 33.28548
347 17 11 0.339075
348 17 12 0.871529
349 17 13 1.0346549999999999
350 17 14 0.0
351 17 15 71.22021799999999
352 17 16 16.852061
353 17 18 5.367837
354 17 19 163.966666
355 17 20 32.848395
356 17 21 0.0
357 17 22 12.860316000000001
358 18 1 11.683902
359 18 2 0.44990600000000003
360 18 3 103.07332
361 18 4 11.350001
362 18 5 64.740352
363 18 6 13.149176
364 18 7 5.109398
365 18 8 0.085696
366 18 9 0.045379
367 18 10 120.97482500000001
368 18 11 0.007928000000000001
369 18 12 0.005623000000000001
370 18 13 89.772994
371 18 14 0.0
372 18 15 3.6300660000000002
373 18 16 1.841631
374 18 17 0.10594000000000003
375 18 19 1612.733514
376 18 20 1.159095
377 18 21 0.028790000000000003
378 18 22 52.89085
379 19 1 218.15685100000002
380 19 2 104.764419
381 19 3 407.343748
382 19 4 143.694057
383 19 5 833.396369
384 19 6 61.437326999999996
385 19 7 172.32555600000003
386 19 8 5.376327
387 19 9 14.292076999999999
388 19 10 504.838589
389 19 11 222.341358
390 19 12 5.457357
391 19 13 8.22118
392 19 14 0.0
393 19 15 372.04771800000003
394 19 16 157.397617
395 19 17 10.011527000000001
396 19 18 1021.950212
397 19 20 74.643691
398 19 21 10.188149
399 19 22 155.027132
400 20 1 5064.2726760000005
401 20 2 31.691043000000004
402 20 3 537.120172
403 20 4 0.0
404 20 5 511.633293
405 20 6 0.6824779999999999
406 20 7 0.0
407 20 8 0.47841500000000003
408 20 9 16.226488
409 20 10 1075.511508
410 20 11 0.26681699999999997
411 20 12 0.607748
412 20 13 5.581459000000001
413 20 14 0.002699
414 20 15 117.42972499999999
415 20 16 8.192333999999999
416 20 17 0.0
417 20 18 3.5220449999999994
418 20 19 291.111467
419 20 21 25.879204
420 20 22 4.994068
421 21 1 25.978507999999998
422 21 2 5.320772
423 21 3 0.8185589999999999
424 21 4 0.0
425 21 5 28.510545999999998
426 21 6 0.064553
427 21 7 0.0
428 21 8 0.45255
429 21 9 3.29251
430 21 10 85.832138
431 21 11 0.036663
432 21 12 0.11932300000000001
433 21 13 0.0
434 21 14 0.0
435 21 15 12.710571999999999
436 21 16 5.805935
437 21 17 0.0
438 21 18 0.103466
439 21 19 9.177449
440 21 20 40.117523
441 21 22 1.97473
442 22 1 6.528449999999999
443 22 2 16.281146
444 22 3 430.813273
445 22 4 128.914005
446 22 5 339.134207
447 22 6 76.97189
448 22 7 309.227495
449 22 8 6.937307000000001
450 22 9 9.847107
451 22 10 23.180553
452 22 11 1.0556860000000001
453 22 12 17.967802
454 22 13 12.026800000000001
455 22 14 0.16470200000000002
456 22 15 444.74052
457 22 16 36.943494
458 22 17 1.8573750000000002
459 22 18 868.031118
460 22 19 2193.8465560000004
461 22 20 31.564184999999995
462 22 21 2.274273;
param M := 100000000;
end;