data;
param D := 462;
param E := 72;
param V := 22;
param: link_src link_dest link_capacity link_cost :=
1 1 3 10000 804
2 1 5 10000 598
3 1 10 10000 218
4 1 16 10000 6802
5 1 20 10000 277
6 2 7 10000 264
7 2 14 10000 186
8 2 15 10000 169
9 3 7 10000 410
10 3 13 10000 250
11 4 5 10000 411
12 4 17 10000 309
13 4 21 10000 290
14 5 7 10000 478
15 5 8 10000 1794
16 5 11 10000 1088
17 5 13 10000 518
18 5 15 10000 358
19 5 19 10000 1184
20 6 7 10000 1054
21 6 13 10000 1189
22 6 18 10000 503
23 7 14 10000 287
24 7 22 10000 343
25 8 13 10000 1453
26 9 10 10000 304
27 9 20 10000 115
28 10 21 10000 163
29 11 22 10000 463
30 12 13 10000 2658
31 12 15 10000 3296
32 15 22 10000 359
33 16 22 10000 5575
34 17 19 10000 777
35 18 22 10000 1588
36 19 22 10000 1426
37 3 1 10000 804
38 5 1 10000 598
39 10 1 10000 218
40 16 1 10000 6802
41 20 1 10000 277
42 7 2 10000 264
43 14 2 10000 186
44 15 2 10000 169
45 7 3 10000 410
46 13 3 10000 250
47 5 4 10000 411
48 17 4 10000 309
49 21 4 10000 290
50 7 5 10000 478
51 8 5 10000 1794
52 11 5 10000 1088
53 13 5 10000 518
54 15 5 10000 358
55 19 5 10000 1184
56 7 6 10000 1054
57 13 6 10000 1189
58 18 6 10000 503
59 14 7 10000 287
60 22 7 10000 343
61 13 8 10000 1453
62 10 9 10000 304
63 20 9 10000 115
64 21 10 10000 163
65 22 11 10000 463
66 13 12 10000 2658
67 15 12 10000 3296
68 22 15 10000 359
69 22 16 10000 5575
70 19 17 10000 777
71 22 18 10000 1588
72 22 19 10000 1426; 
param: w :=
1 1
2 1
3 1
4 1
5 1
6 1
7 1
8 1
9 1
10 1
11 1
12 1
13 1
14 1
15 1
16 1
17 1
18 1
19 1
20 1
21 1
22 1
23 1
24 1
25 1
26 1
27 1
28 1
29 1
30 1
31 1
32 1
33 1
34 1
35 1
36 1
37 1
38 1
39 1
40 1
41 1
42 1
43 1
44 1
45 1
46 1
47 1
48 1
49 1
50 1
51 1
52 1
53 1
54 1
55 1
56 1
57 1
58 1
59 1
60 1
61 1
62 1
63 1
64 1
65 1
66 1
67 1
68 1
69 1
70 1
71 1
72 1;
param: demand_src demand_dest demand :=
1 1 2 40.31512
2 1 3 110.773011
3 1 4 0.0
4 1 5 193.604987
5 1 6 0.12348400000000001
6 1 7 0.0
7 1 8 170.962286
8 1 9 911.857712
9 1 10 2217.137098
10 1 11 0.08907000000000001
11 1 12 589.2307000000001
12 1 13 32.831525
13 1 14 0.0
14 1 15 19.301833000000002
15 1 16 1.7361399999999998
16 1 17 0.08974499999999999
17 1 18 0.05870600000000001
18 1 19 1019.205058
19 1 20 3172.575561
20 1 21 0.0
21 1 22 9.394276999999999
22 2 1 2.4429119999999998
23 2 3 277.542469
24 2 4 0.514122
25 2 5 10.222338999999998
26 2 6 3.456536
27 2 7 10.831042
28 2 8 0.002249000000000001
29 2 9 0.018219
30 2 10 0.9440660000000001
31 2 11 0.018163
32 2 12 0.422353
33 2 13 0.09311900000000001
34 2 14 0.0
35 2 15 46.575741
36 2 16 0.6638099999999998
37 2 17 0.794492
38 2 18 0.085471
39 2 19 365.58264099999997
40 2 20 1.255532
41 2 21 0.171618
42 2 22 3.4577730000000004
43 3 1 138.84686599999998
44 3 2 57.774703
45 3 4 0.297069
46 3 5 215.71939399999997
47 3 6 98.228827
48 3 7 107.296513
49 3 8 0.8100680000000002
50 3 9 1.18513
51 3 10 8.787429000000003
52 3 11 1.794621
53 3 12 9.972614999999998
54 3 13 1.422145
55 3 14 0.0
56 3 15 158.96371399999998
57 3 16 1.9267640000000004
58 3 17 0.618656
59 3 18 176.816748
60 3 19 411.832352
61 3 20 6.886699999999999
62 3 21 1.1807439999999998
63 3 22 316.04587300000003
64 4 1 39.92290700000001
65 4 2 0.09491899999999998
66 4 3 0.1338870000000001
67 4 5 120.082941
68 4 6 0.29290899999999986
69 4 7 2.008638
70 4 8 0.263387
71 4 9 0.01574500000000001
72 4 10 3.318601000000001
73 4 11 73.462947
74 4 12 0.0
75 4 13 88.786473
76 4 14 0.0
77 4 15 274.402515
78 4 16 0.8565709999999997
79 4 17 0.003374
80 4 18 0.5096240000000001
81 4 19 28.285902
82 4 20 97.725051
83 4 21 0.0
84 4 22 7.306578
85 5 1 585.183904
86 5 2 63.828393000000005
87 5 3 83.493593
88 5 4 42.200779
89 5 6 160.572772
90 5 7 17.342398000000003
91 5 8 114.300961
92 5 9 8.858955
93 5 10 257.84999700000003
94 5 11 4.998790999999999
95 5 12 227.875076
96 5 13 56.830693
97 5 14 0.0
98 5 15 467.755754
99 5 16 50.795897
100 5 17 5.149941
101 5 18 30.122695999999998
102 5 19 669.711421
103 5 20 1967.78505
104 5 21 10.152668
105 5 22 374.754185
106 6 1 102.21016999999999
107 6 2 4.717297
108 6 3 186.554991
109 6 4 0.14631399999999983
110 6 5 202.230132
111 6 7 3.8129860000000004
112 6 8 9.620158
113 6 9 4.792872
114 6 10 22.581071
115 6 11 0.268223
116 6 12 2.296823
117 6 13 7.824862
118 6 14 0.0
119 6 15 18.122438
120 6 16 2.7930070000000002
121 6 17 1.5681220000000002
122 6 18 2.5045400000000004
123 6 19 7.589366
124 6 20 4.1327169999999995
125 6 21 9.490489
126 6 22 121.15454
127 7 1 3.8727039999999997
128 7 2 1.5637919999999998
129 7 3 8.354954
130 7 4 0.11859200000000003
131 7 5 43.499891000000005
132 7 6 5.224278999999999
133 7 8 7.888515999999999
134 7 9 0.13698
135 7 10 0.560063
136 7 11 0.16768099999999997
137 7 12 88.160507
138 7 13 0.5623130000000001
139 7 14 0.0
140 7 15 104.780613
141 7 16 21.169835
142 7 17 0.7449520000000001
143 7 18 0.03699999999999998
144 7 19 40.414255999999995
145 7 20 1.749749
146 7 21 0.454123
147 7 22 7.2604690000000005
148 8 1 151.689862
149 8 2 4.120515
150 8 3 489.648667
151 8 4 1.1510540000000002
152 8 5 5570.095987000001
153 8 6 5.213594
154 8 7 0.0
155 8 9 0.8655110000000001
156 8 10 550.159641
157 8 11 1.248503
158 8 12 1.167361
159 8 13 9.772095
160 8 14 0.0
161 8 15 13.492860999999998
162 8 16 14.85512
163 8 17 2.840466
164 8 18 0.14282700000000004
165 8 19 366.744209
166 8 20 12.293111
167 8 21 1.8640659999999998
168 8 22 39.258928
169 9 1 2458.484792
170 9 2 0.010515000000000004
171 9 3 29.280971
172 9 4 0.0
173 9 5 230.408183
174 9 6 0.007085000000000036
175 9 7 0.0
176 9 8 1.5016
177 9 10 638.697852
178 9 11 0.0
179 9 12 0.016757
180 9 13 5.273593
181 9 14 0.0
182 9 15 5.016166
183 9 16 0.18983600000000012
184 9 17 0.019287
185 9 18 0.09323200000000001
186 9 19 125.944263
187 9 20 2.877917
188 9 21 0.05668099999999998
189 9 22 0.9473849999999999
190 10 1 5291.474609
191 10 2 0.37956100000000004
192 10 3 38.988231
193 10 4 0.0
194 10 5 433.673532
195 10 6 0.17639800000000005
196 10 7 0.0
197 10 8 0.5986940000000001
198 10 9 840.367752
199 10 11 40.313714
200 10 12 0.750406
201 10 13 6.376232
202 10 14 0.0
203 10 15 33.161096
204 10 16 2.305313
205 10 17 0.6922630000000001
206 10 18 1.6607910000000001
207 10 19 306.13730599999997
208 10 20 4.104826000000003
209 10 21 2.7227740000000002
210 10 22 30.988096
211 11 1 0.002249
212 11 2 0.11476799999999998
213 11 3 1.589489
214 11 4 1.866034
215 11 5 9.297502999999999
216 11 6 0.5377400000000003
217 11 7 0.6444109999999998
218 11 8 0.629452
219 11 9 0.0
220 11 10 1.935536
221 11 12 0.089521
222 11 13 0.084796
223 11 14 0.0
224 11 15 3.4581110000000006
225 11 16 1.6630390000000002
226 11 17 0.17634099999999997
227 11 18 0.174711
228 11 19 152.40956599999998
229 11 20 0.084347
230 11 21 0.0
231 11 22 1.472359
232 12 1 38.022627
233 12 2 0.258608
234 12 3 17.34476
235 12 4 0.014508
236 12 5 332.329718
237 12 6 0.823057
238 12 7 2.7532509999999997
239 12 8 0.9703269999999999
240 12 9 0.168694
241 12 10 23.108352
242 12 11 0.018725000000000002
243 12 13 10.343517
244 12 14 0.0
245 12 15 4.383227
246 12 16 2.182504
247 12 17 0.197709
248 12 18 0.0
249 12 19 12.948936999999999
250 12 20 0.6282719999999999
251 12 21 0.01164
252 12 22 1.538881
253 13 1 79.176887
254 13 2 16.685673
255 13 3 152.73762
256 13 4 4.470555
257 13 5 510.684953
258 13 6 8.305302000000001
259 13 7 5.424742999999999
260 13 8 5.307444
261 13 9 0.19433499999999998
262 13 10 17.92799
263 13 11 0.18084
264 13 12 2.039452
265 13 14 0.0
266 13 15 43.95232699999991
267 13 16 4.670961999999999
268 13 17 0.333002
269 13 18 0.2790759999999999
270 13 19 296.677575
271 13 20 2.893379
272 13 21 0.077431
273 13 22 40.733424
274 14 1 0.998667
275 14 2 0.08558400000000001
276 14 3 19.209107000000003
277 14 4 0.005005
278 14 5 283.49735999999996
279 14 6 0.035876000000000005
280 14 7 0.679499
281 14 8 0.002137
282 14 9 0.0
283 14 10 9.856554
284 14 11 0.042511
285 14 12 0.0
286 14 13 0.10459099999999999
287 14 15 0.24190699999999998
288 14 16 0.009165999999999994
289 14 17 0.169819
290 14 18 0.147326
291 14 19 3.638275
292 14 20 0.004948000000000001
293 14 21 0.003543
294 14 22 3.023668
295 15 1 305.00064699999996
296 15 2 80.611571
297 15 3 420.364772
298 15 4 35.393591
299 15 5 200.196641
300 15 6 4.3430789999999995
301 15 7 3.5264879999999996
302 15 8 2.87353
303 15 9 8.333642999999999
304 15 10 22.702924
305 15 11 0.35217699999999996
306 15 12 1.9474010000000002
307 15 13 2.05559
308 15 14 0.0
309 15 16 0.026428
310 15 17 46.074326
311 15 18 19.058743999999997
312 15 19 161.826616
313 15 20 66.635177
314 15 21 2.766185
315 15 22 71.419221
316 16 1 1084.5428670000001
317 16 2 72.34107700000001
318 16 3 2409.6552460000003
319 16 4 0.0
320 16 5 715.784173
321 16 6 50.477965999999995
322 16 7 0.212441
323 16 8 2.5276520000000002
324 16 9 8.316379
325 16 10 152.640452
326 16 11 3.3581320000000012
327 16 12 38.765386
328 16 13 0.8246880000000001
329 16 14 0.0
330 16 15 0.038575
331 16 17 23.659531
332 16 18 12.339277
333 16 19 196.89367199999998
334 16 20 56.176610999999994
335 16 21 26.116442999999997
336 16 22 2777.700366
337 17 1 16.939500000000002
338 17 2 1.163481
339 17 3 1.7439559999999998
340 17 4 0.0
341 17 5 41.848997
342 17 6 1.2070600000000002
343 17 7 2.595579
344 17 8 1.906915
345 17 9 1.104495
346 17 10 2.253693
347 17 11 0.018218999999999985
348 17 12 0.42898800000000004
349 17 13 0.008490999999999999
350 17 14 0.0
351 17 15 39.827314
352 17 16 2.817523999999999
353 17 18 1.141776
354 17 19 186.76079800000002
355 17 20 48.680983000000005
356 17 21 0.0
357 17 22 36.115544
358 18 1 12.408217
359 18 2 0.38181
360 18 3 146.36105
361 18 4 10.278963000000001
362 18 5 30.203332000000003
363 18 6 1.021216
364 18 7 0.178253
365 18 8 0.8142290000000001
366 18 9 0.005173000000000011
367 18 10 67.69654200000001
368 18 11 0.019231
369 18 12 0.007928000000000001
370 18 13 9.459674
371 18 14 0.0
372 18 15 2.428966
373 18 16 0.10678300000000007
374 18 17 0.06663399999999997
375 18 19 1150.5947580000002
376 18 20 0.7960100000000001
377 18 21 0.017151
378 18 22 22.840972999999998
379 19 1 122.36098199999999
380 19 2 62.319765
381 19 3 374.597749
382 19 4 147.261818
383 19 5 620.0370559999999
384 19 6 26.632478
385 19 7 6.806514
386 19 8 1.052986
387 19 9 3.041268
388 19 10 460.207774
389 19 11 40.489886999999996
390 19 12 14.053206
391 19 13 2.386849
392 19 14 0.0
393 19 15 379.73087699999996
394 19 16 35.346244
395 19 17 20.940806000000002
396 19 18 479.867744
397 19 20 32.509433
398 19 21 2.425536
399 19 22 106.41025300000001
400 20 1 3821.0248149999998
401 20 2 7.135185
402 20 3 381.54180499999995
403 20 4 0.0
404 20 5 331.03189999999995
405 20 6 0.11420600000000003
406 20 7 0.0
407 20 8 0.12190999999999999
408 20 9 6.72644
409 20 10 786.271193
410 20 11 0.005679
411 20 12 0.9780310000000001
412 20 13 3.6938319999999996
413 20 14 0.0
414 20 15 15.999651
415 20 16 1.4971009999999998
416 20 17 1.232758
417 20 18 12.270338
418 20 19 197.57795
419 20 21 25.548113999999995
420 20 22 1.508798
421 21 1 43.315902
422 21 2 0.005398000000000042
423 21 3 1.062546
424 21 4 0.0
425 21 5 9.637477
426 21 6 6.938893903907228e-18
427 21 7 0.0
428 21 8 0.154636
429 21 9 0.63024
430 21 10 11.410562
431 21 11 0.0
432 21 12 0.230155
433 21 13 0.0
434 21 14 0.0
435 21 15 5.949605
436 21 16 74.774034
437 21 17 0.0
438 21 18 0.0
439 21 19 2.141287
440 21 20 1.703133
441 21 22 0.205862
442 22 1 1.4877669999999998
443 22 2 34.529991
444 22 3 545.529896
445 22 4 1.9006739999999995
446 22 5 234.049776
447 22 6 18.140881999999998
448 22 7 27.27447
449 22 8 27.48635
450 22 9 1.855407
451 22 10 4.645996
452 22 11 0.020468
453 22 12 6.412839
454 22 13 0.5674859999999999
455 22 14 0.035988
456 22 15 401.302597
457 22 16 10.868774000000002
458 22 17 4.758459
459 22 18 204.260812
460 22 19 1200.737754
461 22 20 16.422398
462 22 21 0.523344;
param M := 100000000;
end;